# avg	std	min	max
1.15443 0.00000 1.15443 1.15443
0.00000 0.00000 0.00000 0.00000
1.47859 0.00000 1.47859 1.47859
-0.33858 0.00000 -0.33858 -0.33858
0.90720 0.00000 0.90720 0.90720
-0.74385 0.00000 -0.74385 -0.74385
-0.02239 0.00000 -0.02239 -0.02239
-0.40413 0.00000 -0.40413 -0.40413
1.96007 0.00000 1.96007 1.96007
1.17579 0.00000 1.17579 1.17579
1.79842 0.00000 1.79842 1.79842
0.89442 0.00000 0.89442 0.89442
-0.13551 0.00000 -0.13551 -0.13551
-0.77451 0.00000 -0.77451 -0.77451
0.06151 0.00000 0.06151 0.06151
0.04038 0.00000 0.04038 0.04038
-0.10819 0.00000 -0.10819 -0.10819
0.15591 0.00000 0.15591 0.15591
0.17063 0.00000 0.17063 0.17063
0.31852 0.00000 0.31852 0.31852
-0.36709 0.00000 -0.36709 -0.36709
1.40200 0.00000 1.40200 1.40200
-0.77311 0.00000 -0.77311 -0.77311
