# avg	std	min	max
1.19115 0.00000 1.19115 1.19115
-0.00000 0.00000 -0.00000 -0.00000
0.81183 0.00000 0.81183 0.81183
0.04272 0.00000 0.04272 0.04272
0.13666 0.00000 0.13666 0.13666
-0.24426 0.00000 -0.24426 -0.24426
0.29290 0.00000 0.29290 0.29290
0.07726 0.00000 0.07726 0.07726
8.10456 0.00000 8.10456 8.10456
0.47965 0.00000 0.47965 0.47965
1.01843 0.00000 1.01843 1.01843
0.63836 0.00000 0.63836 0.63836
0.37085 0.00000 0.37085 0.37085
0.61197 0.00000 0.61197 0.61197
-0.67798 0.00000 -0.67798 -0.67798
0.16038 0.00000 0.16038 0.16038
0.07093 0.00000 0.07093 0.07093
0.28047 0.00000 0.28047 0.28047
0.58101 0.00000 0.58101 0.58101
0.37790 0.00000 0.37790 0.37790
0.55690 0.00000 0.55690 0.55690
2.28013 0.00000 2.28013 2.28013
0.27079 0.00000 0.27079 0.27079
