# avg	std	min	max
0.64801 0.00000 0.64801 0.64801
-0.44569 0.00000 -0.44569 -0.44569
-0.33521 0.00000 -0.33521 -0.33521
0.65865 0.00000 0.65865 0.65865
0.78693 0.00000 0.78693 0.78693
0.14563 0.00000 0.14563 0.14563
7.40086 0.00000 7.40086 7.40086
6.88612 0.00000 6.88612 6.88612
4.49165 0.00000 4.49165 4.49165
1.34952 0.00000 1.34952 1.34952
1.24798 0.00000 1.24798 1.24798
-0.00576 0.00000 -0.00576 -0.00576
7.56742 0.00000 7.56742 7.56742
1.48176 0.00000 1.48176 1.48176
2.49678 0.00000 2.49678 2.49678
3.42419 0.00000 3.42419 3.42419
2.99453 0.00000 2.99453 2.99453
2.96843 0.00000 2.96843 2.96843
2.69083 0.00000 2.69083 2.69083
6.50736 0.00000 6.50736 6.50736
5.63515 0.00000 5.63515 5.63515
4.33049 0.00000 4.33049 4.33049
6.86215 0.00000 6.86215 6.86215
