# avg	std	min	max
1.35243 0.00000 1.35243 1.35243
1.26592 0.00000 1.26592 1.26592
1.55552 0.00000 1.55552 1.55552
0.81375 0.00000 0.81375 0.81375
1.25715 0.00000 1.25715 1.25715
0.51613 0.00000 0.51613 0.51613
1.03988 0.00000 1.03988 1.03988
1.08344 0.00000 1.08344 1.08344
1.27259 0.00000 1.27259 1.27259
1.21110 0.00000 1.21110 1.21110
1.47216 0.00000 1.47216 1.47216
1.02399 0.00000 1.02399 1.02399
1.20148 0.00000 1.20148 1.20148
0.52362 0.00000 0.52362 0.52362
1.32447 0.00000 1.32447 1.32447
-0.02826 0.00000 -0.02826 -0.02826
1.19252 0.00000 1.19252 1.19252
1.05499 0.00000 1.05499 1.05499
1.14452 0.00000 1.14452 1.14452
1.55421 0.00000 1.55421 1.55421
1.35715 0.00000 1.35715 1.35715
1.80402 0.00000 1.80402 1.80402
0.99514 0.00000 0.99514 0.99514
