# avg	std	min	max
1.02813 0.00000 1.02813 1.02813
-0.13810 0.00000 -0.13810 -0.13810
-0.04057 0.00000 -0.04057 -0.04057
-1.69524 0.00000 -1.69524 -1.69524
-0.70941 0.00000 -0.70941 -0.70941
-1.90387 0.00000 -1.90387 -1.90387
-1.37003 0.00000 -1.37003 -1.37003
-1.27588 0.00000 -1.27588 -1.27588
-0.51238 0.00000 -0.51238 -0.51238
0.38155 0.00000 0.38155 0.38155
0.44549 0.00000 0.44549 0.44549
-0.00557 0.00000 -0.00557 -0.00557
-0.86085 0.00000 -0.86085 -0.86085
-0.02793 0.00000 -0.02793 -0.02793
-0.41209 0.00000 -0.41209 -0.41209
0.00039 0.00000 0.00039 0.00039
-0.67137 0.00000 -0.67137 -0.67137
-0.94940 0.00000 -0.94940 -0.94940
-0.81687 0.00000 -0.81687 -0.81687
-0.16106 0.00000 -0.16106 -0.16106
-0.13272 0.00000 -0.13272 -0.13272
0.54874 0.00000 0.54874 0.54874
-0.94778 0.00000 -0.94778 -0.94778
