# avg	std	min	max
0.68015 0.00000 0.68015 0.68015
0.46201 0.00000 0.46201 0.46201
0.85599 0.00000 0.85599 0.85599
0.55661 0.00000 0.55661 0.55661
0.74854 0.00000 0.74854 0.74854
0.75830 0.00000 0.75830 0.75830
0.57303 0.00000 0.57303 0.57303
0.68020 0.00000 0.68020 0.68020
0.77182 0.00000 0.77182 0.77182
0.64203 0.00000 0.64203 0.64203
0.76253 0.00000 0.76253 0.76253
0.62728 0.00000 0.62728 0.62728
0.62931 0.00000 0.62931 0.62931
0.73173 0.00000 0.73173 0.73173
0.32808 0.00000 0.32808 0.32808
0.60500 0.00000 0.60500 0.60500
-0.02743 0.00000 -0.02743 -0.02743
0.52554 0.00000 0.52554 0.52554
0.56545 0.00000 0.56545 0.56545
0.83442 0.00000 0.83442 0.83442
0.69496 0.00000 0.69496 0.69496
0.92096 0.00000 0.92096 0.92096
0.38714 0.00000 0.38714 0.38714
