# avg	std	min	max
0.00000 0.00000 0.00000 0.00000
2.23625 0.00000 2.23625 2.23625
3.50583 0.00000 3.50583 3.50583
2.41371 0.00000 2.41371 2.41371
4.88764 0.00000 4.88764 4.88764
2.46937 0.00000 2.46937 2.46937
2.23233 0.00000 2.23233 2.23233
2.34484 0.00000 2.34484 2.34484
6.21400 0.00000 6.21400 6.21400
2.22393 0.00000 2.22393 2.22393
2.99721 0.00000 2.99721 2.99721
2.41169 0.00000 2.41169 2.41169
2.24680 0.00000 2.24680 2.24680
1.92657 0.00000 1.92657 1.92657
1.79532 0.00000 1.79532 1.79532
2.36059 0.00000 2.36059 2.36059
2.46981 0.00000 2.46981 2.46981
0.70297 0.00000 0.70297 0.70297
0.80221 0.00000 0.80221 0.80221
1.91157 0.00000 1.91157 1.91157
2.67251 0.00000 2.67251 2.67251
4.04994 0.00000 4.04994 4.04994
2.33739 0.00000 2.33739 2.33739
