# avg	std	min	max
4.95524 0.00000 4.95524 4.95524
3.35756 0.00000 3.35756 3.35756
0.50403 0.00000 0.50403 0.50403
2.19457 0.00000 2.19457 2.19457
0.00066 0.00000 0.00066 0.00066
3.50934 0.00000 3.50934 3.50934
4.29229 0.00000 4.29229 4.29229
7.24709 0.00000 7.24709 7.24709
5.29839 0.00000 5.29839 5.29839
3.92138 0.00000 3.92138 3.92138
2.11362 0.00000 2.11362 2.11362
2.77787 0.00000 2.77787 2.77787
4.62063 0.00000 4.62063 4.62063
4.14230 0.00000 4.14230 4.14230
5.04457 0.00000 5.04457 5.04457
6.41497 0.00000 6.41497 6.41497
6.19548 0.00000 6.19548 6.19548
4.57597 0.00000 4.57597 4.57597
5.06083 0.00000 5.06083 5.06083
6.45335 0.00000 6.45335 6.45335
9.58119 0.00000 9.58119 9.58119
8.80839 0.00000 8.80839 8.80839
6.48816 0.00000 6.48816 6.48816
