# avg	std	min	max
0.73920 0.00000 0.73920 0.73920
0.22126 0.00000 0.22126 0.22126
-0.13599 0.00000 -0.13599 -0.13599
-0.28390 0.00000 -0.28390 -0.28390
-0.70609 0.00000 -0.70609 -0.70609
-0.70718 0.00000 -0.70718 -0.70718
-0.34641 0.00000 -0.34641 -0.34641
-0.96005 0.00000 -0.96005 -0.96005
-1.09474 0.00000 -1.09474 -1.09474
0.43868 0.00000 0.43868 0.43868
0.09801 0.00000 0.09801 0.09801
-0.17543 0.00000 -0.17543 -0.17543
-0.27625 0.00000 -0.27625 -0.27625
0.23110 0.00000 0.23110 0.23110
-0.23834 0.00000 -0.23834 -0.23834
-0.27506 0.00000 -0.27506 -0.27506
-0.46579 0.00000 -0.46579 -0.46579
0.01123 0.00000 0.01123 0.01123
0.31818 0.00000 0.31818 0.31818
0.23519 0.00000 0.23519 0.23519
-0.29624 0.00000 -0.29624 -0.29624
-0.33042 0.00000 -0.33042 -0.33042
-0.82231 0.00000 -0.82231 -0.82231
