# avg	std	min	max
5.94795 0.00000 5.94795 5.94795
4.00413 0.00000 4.00413 4.00413
1.16898 0.00000 1.16898 1.16898
-0.01234 0.00000 -0.01234 -0.01234
0.06925 0.00000 0.06925 0.06925
1.00605 0.00000 1.00605 1.00605
9.34835 0.00000 9.34835 9.34835
19.59114 0.00000 19.59114 19.59114
6.50819 0.00000 6.50819 6.50819
5.32806 0.00000 5.32806 5.32806
3.48923 0.00000 3.48923 3.48923
3.35122 0.00000 3.35122 3.35122
12.94480 0.00000 12.94480 12.94480
4.30088 0.00000 4.30088 4.30088
4.25358 0.00000 4.25358 4.25358
6.78765 0.00000 6.78765 6.78765
6.19000 0.00000 6.19000 6.19000
4.80896 0.00000 4.80896 4.80896
9.48462 0.00000 9.48462 9.48462
8.59310 0.00000 8.59310 8.59310
11.00782 0.00000 11.00782 11.00782
9.23664 0.00000 9.23664 9.23664
35.20188 0.00000 35.20188 35.20188
