# avg	std	min	max
2.67577 0.00000 2.67577 2.67577
1.44644 0.00000 1.44644 1.44644
1.39692 0.00000 1.39692 1.39692
-0.05274 0.00000 -0.05274 -0.05274
0.04811 0.00000 0.04811 0.04811
-0.15394 0.00000 -0.15394 -0.15394
0.03328 0.00000 0.03328 0.03328
-0.35780 0.00000 -0.35780 -0.35780
5.33831 0.00000 5.33831 5.33831
2.22323 0.00000 2.22323 2.22323
1.83943 0.00000 1.83943 1.83943
1.55919 0.00000 1.55919 1.55919
0.13219 0.00000 0.13219 0.13219
1.98900 0.00000 1.98900 1.98900
1.14335 0.00000 1.14335 1.14335
2.57122 0.00000 2.57122 2.57122
2.06607 0.00000 2.06607 2.06607
0.59825 0.00000 0.59825 0.59825
0.63215 0.00000 0.63215 0.63215
1.78351 0.00000 1.78351 1.78351
3.57752 0.00000 3.57752 3.57752
3.27869 0.00000 3.27869 3.27869
0.71775 0.00000 0.71775 0.71775
