# avg	std	min	max
3.71350 0.00000 3.71350 3.71350
3.50777 0.00000 3.50777 3.50777
3.67177 0.00000 3.67177 3.67177
-0.00547 0.00000 -0.00547 -0.00547
4.33784 0.00000 4.33784 4.33784
0.02904 0.00000 0.02904 0.02904
-0.55934 0.00000 -0.55934 -0.55934
4.49646 0.00000 4.49646 4.49646
4.43939 0.00000 4.43939 4.43939
4.24210 0.00000 4.24210 4.24210
4.19935 0.00000 4.19935 4.19935
2.67838 0.00000 2.67838 2.67838
1.72263 0.00000 1.72263 1.72263
2.51684 0.00000 2.51684 2.51684
2.12599 0.00000 2.12599 2.12599
4.14769 0.00000 4.14769 4.14769
3.84094 0.00000 3.84094 3.84094
1.52855 0.00000 1.52855 1.52855
1.90981 0.00000 1.90981 1.90981
2.82200 0.00000 2.82200 2.82200
7.04176 0.00000 7.04176 7.04176
8.64250 0.00000 8.64250 8.64250
11.93206 0.00000 11.93206 11.93206
