# avg	std	min	max
4.89266 0.00000 4.89266 4.89266
3.66102 0.00000 3.66102 3.66102
5.24802 0.00000 5.24802 5.24802
5.67830 0.00000 5.67830 5.67830
5.84184 0.00000 5.84184 5.84184
6.84772 0.00000 6.84772 6.84772
14.30719 0.00000 14.30719 14.30719
16.04432 0.00000 16.04432 16.04432
-0.00086 0.00000 -0.00086 -0.00086
5.53812 0.00000 5.53812 5.53812
4.74454 0.00000 4.74454 4.74454
4.81151 0.00000 4.81151 4.81151
16.24195 0.00000 16.24195 16.24195
7.27814 0.00000 7.27814 7.27814
10.36896 0.00000 10.36896 10.36896
8.64550 0.00000 8.64550 8.64550
8.34129 0.00000 8.34129 8.34129
12.22564 0.00000 12.22564 12.22564
16.75754 0.00000 16.75754 16.75754
12.88995 0.00000 12.88995 12.88995
17.34752 0.00000 17.34752 17.34752
18.51956 0.00000 18.51956 18.51956
24.19190 0.00000 24.19190 24.19190
