# avg	std	min	max
0.85260 0.00000 0.85260 0.85260
0.18129 0.00000 0.18129 0.18129
-0.10058 0.00000 -0.10058 -0.10058
-0.98116 0.00000 -0.98116 -0.98116
-0.76266 0.00000 -0.76266 -0.76266
-1.33706 0.00000 -1.33706 -1.33706
0.23350 0.00000 0.23350 0.23350
0.17466 0.00000 0.17466 0.17466
-0.93898 0.00000 -0.93898 -0.93898
0.58284 0.00000 0.58284 0.58284
0.30070 0.00000 0.30070 0.30070
0.23857 0.00000 0.23857 0.23857
0.26199 0.00000 0.26199 0.26199
0.52415 0.00000 0.52415 0.52415
-0.01188 0.00000 -0.01188 -0.01188
0.58351 0.00000 0.58351 0.58351
0.10603 0.00000 0.10603 0.10603
-0.45681 0.00000 -0.45681 -0.45681
-0.21543 0.00000 -0.21543 -0.21543
0.22796 0.00000 0.22796 0.22796
0.57532 0.00000 0.57532 0.57532
0.18528 0.00000 0.18528 0.18528
0.12185 0.00000 0.12185 0.12185
