# avg	std	min	max
0.85631 0.00000 0.85631 0.85631
0.80679 0.00000 0.80679 0.80679
0.90961 0.00000 0.90961 0.90961
-1.21281 0.00000 -1.21281 -1.21281
0.19009 0.00000 0.19009 0.19009
-1.14577 0.00000 -1.14577 -1.14577
0.12376 0.00000 0.12376 0.12376
2.58970 0.00000 2.58970 2.58970
2.77652 0.00000 2.77652 2.77652
1.26494 0.00000 1.26494 1.26494
0.02753 0.00000 0.02753 0.02753
-0.45149 0.00000 -0.45149 -0.45149
1.89068 0.00000 1.89068 1.89068
-0.06407 0.00000 -0.06407 -0.06407
-0.05342 0.00000 -0.05342 -0.05342
2.43965 0.00000 2.43965 2.43965
1.95825 0.00000 1.95825 1.95825
-0.99451 0.00000 -0.99451 -0.99451
-0.29144 0.00000 -0.29144 -0.29144
0.35862 0.00000 0.35862 0.35862
4.25830 0.00000 4.25830 4.25830
6.23707 0.00000 6.23707 6.23707
4.88497 0.00000 4.88497 4.88497
