# avg	std	min	max
0.67256 0.00000 0.67256 0.67256
0.29965 0.00000 0.29965 0.29965
1.33114 0.00000 1.33114 1.33114
-0.21753 0.00000 -0.21753 -0.21753
0.70583 0.00000 0.70583 0.70583
-0.25890 0.00000 -0.25890 -0.25890
0.42219 0.00000 0.42219 0.42219
0.78787 0.00000 0.78787 0.78787
2.27420 0.00000 2.27420 2.27420
0.01576 0.00000 0.01576 0.01576
0.50896 0.00000 0.50896 0.50896
0.13095 0.00000 0.13095 0.13095
0.48661 0.00000 0.48661 0.48661
0.45037 0.00000 0.45037 0.45037
-0.00788 0.00000 -0.00788 -0.00788
0.70439 0.00000 0.70439 0.70439
-0.06543 0.00000 -0.06543 -0.06543
-0.01913 0.00000 -0.01913 -0.01913
0.11587 0.00000 0.11587 0.11587
0.93250 0.00000 0.93250 0.93250
-0.28536 0.00000 -0.28536 -0.28536
0.65289 0.00000 0.65289 0.65289
0.34703 0.00000 0.34703 0.34703
