# avg	std	min	max
0.73686 0.00000 0.73686 0.73686
0.22080 0.00000 0.22080 0.22080
0.51180 0.00000 0.51180 0.51180
-0.66964 0.00000 -0.66964 -0.66964
0.14055 0.00000 0.14055 0.14055
-0.47102 0.00000 -0.47102 -0.47102
-0.44228 0.00000 -0.44228 -0.44228
0.15003 0.00000 0.15003 0.15003
0.90092 0.00000 0.90092 0.90092
-0.06791 0.00000 -0.06791 -0.06791
0.51878 0.00000 0.51878 0.51878
-0.06638 0.00000 -0.06638 -0.06638
-0.29418 0.00000 -0.29418 -0.29418
0.28813 0.00000 0.28813 0.28813
-0.03775 0.00000 -0.03775 -0.03775
0.57818 0.00000 0.57818 0.57818
0.30475 0.00000 0.30475 0.30475
-0.32200 0.00000 -0.32200 -0.32200
-0.66650 0.00000 -0.66650 -0.66650
-0.09003 0.00000 -0.09003 -0.09003
0.62444 0.00000 0.62444 0.62444
0.78522 0.00000 0.78522 0.78522
-0.24887 0.00000 -0.24887 -0.24887
