# avg	std	min	max
2.39370 0.00000 2.39370 2.39370
1.49465 0.00000 1.49465 1.49465
0.94333 0.00000 0.94333 0.94333
-0.53837 0.00000 -0.53837 -0.53837
0.90358 0.00000 0.90358 0.90358
-0.39637 0.00000 -0.39637 -0.39637
-0.70603 0.00000 -0.70603 -0.70603
2.12149 0.00000 2.12149 2.12149
6.49993 0.00000 6.49993 6.49993
1.52867 0.00000 1.52867 1.52867
1.65667 0.00000 1.65667 1.65667
0.85270 0.00000 0.85270 0.85270
-0.58453 0.00000 -0.58453 -0.58453
2.03004 0.00000 2.03004 2.03004
1.23294 0.00000 1.23294 1.23294
2.21345 0.00000 2.21345 2.21345
1.50271 0.00000 1.50271 1.50271
0.03312 0.00000 0.03312 0.03312
-0.63536 0.00000 -0.63536 -0.63536
1.60842 0.00000 1.60842 1.60842
3.43144 0.00000 3.43144 3.43144
5.03213 0.00000 5.03213 5.03213
-1.00262 0.00000 -1.00262 -1.00262
