# avg	std	min	max
1.76799 0.00000 1.76799 1.76799
0.78361 0.00000 0.78361 0.78361
-0.00059 0.00000 -0.00059 -0.00059
-0.80423 0.00000 -0.80423 -0.80423
-0.32628 0.00000 -0.32628 -0.32628
-0.77379 0.00000 -0.77379 -0.77379
-0.50138 0.00000 -0.50138 -0.50138
0.64402 0.00000 0.64402 0.64402
2.31888 0.00000 2.31888 2.31888
0.90152 0.00000 0.90152 0.90152
0.51708 0.00000 0.51708 0.51708
0.45650 0.00000 0.45650 0.45650
-0.21445 0.00000 -0.21445 -0.21445
0.91470 0.00000 0.91470 0.91470
-0.03093 0.00000 -0.03093 -0.03093
0.61992 0.00000 0.61992 0.61992
0.75368 0.00000 0.75368 0.75368
-0.44215 0.00000 -0.44215 -0.44215
-0.55956 0.00000 -0.55956 -0.55956
0.55697 0.00000 0.55697 0.55697
1.47488 0.00000 1.47488 1.47488
0.58997 0.00000 0.58997 0.58997
-0.40690 0.00000 -0.40690 -0.40690
