# avg	std	min	max
2.71580 0.00000 2.71580 2.71580
1.70960 0.00000 1.70960 1.70960
0.00171 0.00000 0.00171 0.00171
0.60469 0.00000 0.60469 0.60469
-0.20906 0.00000 -0.20906 -0.20906
0.66874 0.00000 0.66874 0.66874
-0.23975 0.00000 -0.23975 -0.23975
1.41460 0.00000 1.41460 1.41460
4.30061 0.00000 4.30061 4.30061
2.31866 0.00000 2.31866 2.31866
1.50224 0.00000 1.50224 1.50224
1.39417 0.00000 1.39417 1.39417
0.34109 0.00000 0.34109 0.34109
1.81511 0.00000 1.81511 1.81511
1.30321 0.00000 1.30321 1.30321
1.10208 0.00000 1.10208 1.10208
1.41889 0.00000 1.41889 1.41889
0.65324 0.00000 0.65324 0.65324
0.83004 0.00000 0.83004 0.83004
2.00783 0.00000 2.00783 2.00783
2.56547 0.00000 2.56547 2.56547
3.47106 0.00000 3.47106 3.47106
0.90610 0.00000 0.90610 0.90610
