# avg	std	min	max
5.22271 0.00000 5.22271 5.22271
3.15473 0.00000 3.15473 3.15473
2.83694 0.00000 2.83694 2.83694
0.92180 0.00000 0.92180 0.92180
2.81662 0.00000 2.81662 2.81662
0.58495 0.00000 0.58495 0.58495
-0.55018 0.00000 -0.55018 -0.55018
-0.05761 0.00000 -0.05761 -0.05761
8.64612 0.00000 8.64612 8.64612
4.07859 0.00000 4.07859 4.07859
3.08725 0.00000 3.08725 3.08725
3.61422 0.00000 3.61422 3.61422
-0.01142 0.00000 -0.01142 -0.01142
4.27949 0.00000 4.27949 4.27949
3.65081 0.00000 3.65081 3.65081
4.53205 0.00000 4.53205 4.53205
4.27108 0.00000 4.27108 4.27108
4.06251 0.00000 4.06251 4.06251
3.34691 0.00000 3.34691 3.34691
2.98855 0.00000 2.98855 2.98855
8.25218 0.00000 8.25218 8.25218
12.91890 0.00000 12.91890 12.91890
5.90200 0.00000 5.90200 5.90200
