# avg	std	min	max
1.35348 0.00000 1.35348 1.35348
0.00000 0.00000 0.00000 0.00000
1.58564 0.00000 1.58564 1.58564
-1.11659 0.00000 -1.11659 -1.11659
0.65623 0.00000 0.65623 0.65623
-0.99427 0.00000 -0.99427 -0.99427
0.19550 0.00000 0.19550 0.19550
-0.14317 0.00000 -0.14317 -0.14317
0.72604 0.00000 0.72604 0.72604
0.05832 0.00000 0.05832 0.05832
0.05393 0.00000 0.05393 0.05393
0.68632 0.00000 0.68632 0.68632
-0.28285 0.00000 -0.28285 -0.28285
-0.96121 0.00000 -0.96121 -0.96121
-0.45019 0.00000 -0.45019 -0.45019
1.12832 0.00000 1.12832 1.12832
0.46051 0.00000 0.46051 0.46051
-0.45467 0.00000 -0.45467 -0.45467
-0.30186 0.00000 -0.30186 -0.30186
-0.26203 0.00000 -0.26203 -0.26203
1.55334 0.00000 1.55334 1.55334
1.44610 0.00000 1.44610 1.44610
0.51443 0.00000 0.51443 0.51443
