# avg	std	min	max
1.27193 0.00000 1.27193 1.27193
0.34813 0.00000 0.34813 0.34813
0.39697 0.00000 0.39697 0.39697
-0.07436 0.00000 -0.07436 -0.07436
-0.16084 0.00000 -0.16084 -0.16084
-0.13725 0.00000 -0.13725 -0.13725
0.22762 0.00000 0.22762 0.22762
0.20658 0.00000 0.20658 0.20658
4.24643 0.00000 4.24643 4.24643
1.20455 0.00000 1.20455 1.20455
0.85362 0.00000 0.85362 0.85362
0.98469 0.00000 0.98469 0.98469
0.26629 0.00000 0.26629 0.26629
0.72385 0.00000 0.72385 0.72385
-0.07371 0.00000 -0.07371 -0.07371
1.34003 0.00000 1.34003 1.34003
0.92516 0.00000 0.92516 0.92516
0.01122 0.00000 0.01122 0.01122
-0.02964 0.00000 -0.02964 -0.02964
0.59616 0.00000 0.59616 0.59616
1.82457 0.00000 1.82457 1.82457
1.74230 0.00000 1.74230 1.74230
0.59073 0.00000 0.59073 0.59073
