# avg	std	min	max
2.59448 0.00000 2.59448 2.59448
1.16418 0.00000 1.16418 1.16418
0.20937 0.00000 0.20937 0.20937
0.50669 0.00000 0.50669 0.50669
-0.20904 0.00000 -0.20904 -0.20904
0.43537 0.00000 0.43537 0.43537
0.15872 0.00000 0.15872 0.15872
0.52285 0.00000 0.52285 0.52285
0.15735 0.00000 0.15735 0.15735
1.30794 0.00000 1.30794 1.30794
0.97568 0.00000 0.97568 0.97568
1.66154 0.00000 1.66154 1.66154
0.25423 0.00000 0.25423 0.25423
0.66252 0.00000 0.66252 0.66252
-0.01212 0.00000 -0.01212 -0.01212
1.75372 0.00000 1.75372 1.75372
0.99132 0.00000 0.99132 0.99132
1.30038 0.00000 1.30038 1.30038
0.43957 0.00000 0.43957 0.43957
2.59816 0.00000 2.59816 2.59816
2.32969 0.00000 2.32969 2.32969
3.38925 0.00000 3.38925 3.38925
0.80862 0.00000 0.80862 0.80862
