# avg	std	min	max
0.21200 0.00000 0.21200 0.21200
0.09794 0.00000 0.09794 0.09794
-0.04226 0.00000 -0.04226 -0.04226
-0.15151 0.00000 -0.15151 -0.15151
-0.07212 0.00000 -0.07212 -0.07212
-0.08001 0.00000 -0.08001 -0.08001
-0.09938 0.00000 -0.09938 -0.09938
0.06247 0.00000 0.06247 0.06247
0.01352 0.00000 0.01352 0.01352
0.16573 0.00000 0.16573 0.16573
-0.10418 0.00000 -0.10418 -0.10418
-0.03737 0.00000 -0.03737 -0.03737
-0.18951 0.00000 -0.18951 -0.18951
0.05962 0.00000 0.05962 0.05962
0.01259 0.00000 0.01259 0.01259
-0.18713 0.00000 -0.18713 -0.18713
-0.20754 0.00000 -0.20754 -0.20754
0.08085 0.00000 0.08085 0.08085
-0.03332 0.00000 -0.03332 -0.03332
0.21191 0.00000 0.21191 0.21191
-0.36074 0.00000 -0.36074 -0.36074
-0.57900 0.00000 -0.57900 -0.57900
-0.48449 0.00000 -0.48449 -0.48449
