# avg	std	min	max
0.32164 0.00000 0.32164 0.32164
-0.29743 0.00000 -0.29743 -0.29743
-0.13601 0.00000 -0.13601 -0.13601
-0.72368 0.00000 -0.72368 -0.72368
-0.54832 0.00000 -0.54832 -0.54832
-0.52581 0.00000 -0.52581 -0.52581
-0.07607 0.00000 -0.07607 -0.07607
-0.10471 0.00000 -0.10471 -0.10471
-1.60571 0.00000 -1.60571 -1.60571
-0.00223 0.00000 -0.00223 -0.00223
0.43841 0.00000 0.43841 0.43841
0.08191 0.00000 0.08191 0.08191
0.08639 0.00000 0.08639 0.08639
-0.63426 0.00000 -0.63426 -0.63426
-0.77541 0.00000 -0.77541 -0.77541
-0.80615 0.00000 -0.80615 -0.80615
-1.19893 0.00000 -1.19893 -1.19893
-0.61896 0.00000 -0.61896 -0.61896
-0.12490 0.00000 -0.12490 -0.12490
0.26069 0.00000 0.26069 0.26069
-1.91732 0.00000 -1.91732 -1.91732
-1.18065 0.00000 -1.18065 -1.18065
-0.84351 0.00000 -0.84351 -0.84351
