# avg	std	min	max
4.13309 0.00000 4.13309 4.13309
2.29155 0.00000 2.29155 2.29155
-0.00045 0.00000 -0.00045 -0.00045
-0.31845 0.00000 -0.31845 -0.31845
-0.78720 0.00000 -0.78720 -0.78720
1.00513 0.00000 1.00513 1.00513
-0.05116 0.00000 -0.05116 -0.05116
0.35962 0.00000 0.35962 0.35962
4.38038 0.00000 4.38038 4.38038
3.01240 0.00000 3.01240 3.01240
1.37090 0.00000 1.37090 1.37090
2.22623 0.00000 2.22623 2.22623
0.46068 0.00000 0.46068 0.46068
2.69438 0.00000 2.69438 2.69438
2.54015 0.00000 2.54015 2.54015
4.25632 0.00000 4.25632 4.25632
3.53572 0.00000 3.53572 3.53572
2.17365 0.00000 2.17365 2.17365
3.07527 0.00000 3.07527 3.07527
1.77894 0.00000 1.77894 1.77894
8.06584 0.00000 8.06584 8.06584
5.61070 0.00000 5.61070 5.61070
0.43427 0.00000 0.43427 0.43427
