# avg	std	min	max
5.94737 0.00000 5.94737 5.94737
4.31498 0.00000 4.31498 4.31498
4.92268 0.00000 4.92268 4.92268
2.41317 0.00000 2.41317 2.41317
4.64308 0.00000 4.64308 4.64308
1.74969 0.00000 1.74969 1.74969
0.97653 0.00000 0.97653 0.97653
-0.00627 0.00000 -0.00627 -0.00627
8.89793 0.00000 8.89793 8.89793
5.02215 0.00000 5.02215 5.02215
5.31429 0.00000 5.31429 5.31429
4.78470 0.00000 4.78470 4.78470
1.75039 0.00000 1.75039 1.75039
4.22920 0.00000 4.22920 4.22920
3.26508 0.00000 3.26508 3.26508
4.45368 0.00000 4.45368 4.45368
3.89227 0.00000 3.89227 3.89227
4.29371 0.00000 4.29371 4.29371
4.63493 0.00000 4.63493 4.63493
2.99026 0.00000 2.99026 2.99026
5.60492 0.00000 5.60492 5.60492
7.51440 0.00000 7.51440 7.51440
1.39969 0.00000 1.39969 1.39969
