# avg	std	min	max
1.35348 0.00000 1.35348 1.35348
0.00000 0.00000 0.00000 0.00000
1.58564 0.03395 1.56076 1.65237
-1.11659 0.04130 -1.16858 -1.04640
0.65623 0.07398 0.51843 0.73535
-0.99427 0.08512 -1.14767 -0.92012
0.19550 0.07205 0.09224 0.30450
-0.14317 0.06704 -0.23252 -0.03921
0.72604 0.03876 0.66010 0.76812
0.05832 0.00090 0.05750 0.05989
0.05393 0.01144 0.03704 0.07179
0.68632 0.02774 0.64935 0.72158
-0.28285 0.10296 -0.45515 -0.15743
-0.96121 0.07062 -1.07301 -0.87200
-0.45019 0.08177 -0.58139 -0.34367
1.12832 0.12972 0.95989 1.34653
0.46051 0.09861 0.40124 0.65664
-0.45467 0.08098 -0.61409 -0.39926
-0.30186 0.05016 -0.39656 -0.25368
-0.26203 0.03360 -0.30306 -0.22432
1.55334 0.11025 1.41583 1.74021
1.44610 0.08708 1.38053 1.61519
0.51443 0.12723 0.32032 0.65227
