# avg	std	min	max
0.80443 0.00000 0.80443 0.80443
0.00000 0.00000 0.00000 0.00000
0.45391 0.00103 0.45191 0.45466
-0.43450 0.15759 -0.68166 -0.29488
-0.14372 0.00089 -0.14530 -0.14283
-0.29973 0.07047 -0.42979 -0.21804
-0.35526 0.03147 -0.41191 -0.31822
-0.37450 0.04157 -0.43535 -0.33132
3.29979 0.02519 3.25798 3.32063
0.95997 0.00018 0.95982 0.96030
0.77394 0.00473 0.76450 0.77661
0.81674 0.00108 0.81526 0.81799
-0.32255 0.06587 -0.45260 -0.27660
0.12120 0.01279 0.11051 0.14485
-0.11936 0.00813 -0.12578 -0.10435
0.18502 0.03448 0.14156 0.23078
-0.23902 0.01663 -0.26139 -0.21369
0.14327 0.08028 0.03086 0.26050
0.45798 0.25647 -0.04463 0.63304
0.03366 0.02167 0.00275 0.05676
-0.03368 0.03840 -0.07594 0.01480
-0.10405 0.04470 -0.17378 -0.05535
-1.64428 0.08956 -1.77151 -1.49792
