# avg	std	min	max
1.09346 0.01048 1.07373 1.10212
0.01650 0.01113 0.00177 0.03415
0.27680 0.02829 0.24969 0.31638
-0.48099 0.14949 -0.68411 -0.34646
-0.39519 0.09143 -0.57096 -0.32143
-0.75894 0.04316 -0.81090 -0.68281
-0.62669 0.02531 -0.66132 -0.58751
-0.15881 0.02602 -0.19248 -0.12985
3.17538 0.07170 3.05508 3.27777
0.71142 0.01177 0.68973 0.72209
0.36531 0.01023 0.35390 0.37783
0.70964 0.00008 0.70956 0.70977
-0.56892 0.01869 -0.59253 -0.54894
0.70146 0.03339 0.64887 0.74121
-0.10511 0.07011 -0.16851 0.01319
0.93217 0.00190 0.93047 0.93560
-0.00000 0.00000 -0.00000 -0.00000
-0.26647 0.02698 -0.31267 -0.22862
0.09289 0.02885 0.06264 0.14535
0.48204 0.00931 0.47023 0.49639
0.69607 0.02529 0.66722 0.74044
1.91915 0.34409 1.40365 2.21815
-0.77393 0.03932 -0.83299 -0.72313
