# avg	std	min	max
0.23588 0.00293 0.23123 0.24010
-0.02110 0.00180 -0.02200 -0.01750
0.37442 0.02351 0.35472 0.40727
-0.40509 0.00491 -0.41041 -0.39662
-0.18219 0.02180 -0.20672 -0.14178
-0.45936 0.01348 -0.46869 -0.43283
-0.07155 0.00740 -0.08216 -0.06275
-0.12060 0.06354 -0.18352 -0.00862
2.15669 0.30765 1.76392 2.57148
0.77437 0.00003 0.77433 0.77441
0.71875 0.02011 0.70545 0.75869
0.69490 0.00197 0.69122 0.69682
0.00713 0.01358 -0.01116 0.02273
0.82125 0.00491 0.81411 0.82949
0.00000 0.00000 0.00000 0.00000
1.09687 0.01306 1.07288 1.10831
0.34088 0.02121 0.31717 0.36910
-0.12597 0.02669 -0.17014 -0.09673
0.23989 0.00579 0.23236 0.24633
0.74889 0.01541 0.73091 0.76939
1.02074 0.00461 1.01327 1.02769
1.49732 0.01559 1.47481 1.51438
0.00175 0.05007 -0.06455 0.05106
