# avg	std	min	max
0.86845 0.21862 0.59369 1.18242
0.08481 0.00000 0.08481 0.08481
1.19406 0.37929 0.65677 1.61351
-0.51526 0.02774 -0.53804 -0.47292
0.99801 0.30118 0.40085 1.20691
-0.93079 0.06277 -0.99089 -0.83409
0.58923 0.41123 0.26132 1.31415
1.66384 0.02168 1.64665 1.70595
-1.05000 0.00158 -1.05196 -1.04788
0.96595 0.10925 0.86201 1.16948
1.14594 0.25591 0.78136 1.36550
0.44954 0.00348 0.44436 0.45403
0.39169 0.08766 0.32068 0.56033
-0.04590 0.10359 -0.12383 0.15929
-0.01191 0.01554 -0.03825 0.00000
0.86108 0.00868 0.84701 0.87441
-0.10387 0.02827 -0.15504 -0.07082
-0.20309 0.02155 -0.22709 -0.17411
-0.19478 0.21160 -0.39806 0.20490
0.06178 0.02760 0.01613 0.09812
0.43231 0.01787 0.41214 0.45922
0.47851 0.15881 0.32659 0.71422
0.54625 0.34809 0.27692 1.15263
