# avg	std	min	max
1.02719 0.00100 1.02518 1.02769
0.32636 0.00123 0.32398 0.32739
0.53847 0.00002 0.53845 0.53850
-0.04990 0.08193 -0.15636 0.04180
0.05277 0.00824 0.04745 0.06914
-0.15074 0.01215 -0.17332 -0.14040
-0.15300 0.03570 -0.19551 -0.10806
-0.19300 0.02608 -0.23689 -0.16255
2.19220 0.11398 2.10707 2.41410
0.29564 0.00119 0.29463 0.29793
0.66699 0.00189 0.66436 0.66946
0.91529 0.00160 0.91378 0.91724
-0.06386 0.04211 -0.14610 -0.03116
0.59625 0.00070 0.59512 0.59714
0.00028 0.00057 0.00000 0.00142
0.46680 0.00079 0.46591 0.46798
0.09690 0.00765 0.09246 0.11213
0.29532 0.00613 0.28822 0.30546
0.26293 0.12945 0.15973 0.50821
0.69725 0.01261 0.68412 0.71835
0.42456 0.00673 0.41174 0.43171
0.36737 0.00307 0.36285 0.37180
-0.80479 0.07418 -0.92243 -0.72895
