# avg	std	min	max
0.03242 0.00006 0.03239 0.03254
-0.04466 0.00000 -0.04466 -0.04466
-0.02056 0.00448 -0.02431 -0.01207
-0.16436 0.00455 -0.17338 -0.16096
0.02128 0.00449 0.01734 0.02982
-0.05278 0.00215 -0.05667 -0.05018
-0.10703 0.00568 -0.11414 -0.10156
-0.21943 0.00237 -0.22232 -0.21711
-0.14403 0.00035 -0.14444 -0.14357
0.02639 0.00988 0.01827 0.03863
-0.13921 0.00002 -0.13923 -0.13917
0.00004 0.00000 0.00004 0.00004
-0.11969 0.00826 -0.12591 -0.10484
-0.07765 0.00224 -0.08068 -0.07563
-0.39200 0.01100 -0.40796 -0.38092
-0.30654 0.00679 -0.31400 -0.29568
-0.76197 0.05258 -0.83370 -0.71630
-0.10992 0.00890 -0.11770 -0.09289
-0.00035 0.00029 -0.00083 0.00010
-0.04762 0.00465 -0.05071 -0.03842
0.00078 0.00401 -0.00424 0.00593
-0.14197 0.00104 -0.14342 -0.14068
-0.25061 0.05852 -0.36757 -0.21835
