# avg	std	min	max
0.32164 0.00098 0.32044 0.32251
-0.29743 0.00164 -0.29855 -0.29421
-0.13601 0.00055 -0.13672 -0.13521
-0.72368 0.00732 -0.73490 -0.71623
-0.54832 0.00711 -0.55805 -0.53900
-0.52581 0.05732 -0.60104 -0.42944
-0.07607 0.03154 -0.12256 -0.02435
-0.10471 0.14795 -0.33494 0.06404
-1.60571 0.10739 -1.76551 -1.50210
-0.00223 0.00175 -0.00510 0.00007
0.43841 0.04183 0.37072 0.48498
0.08191 0.00547 0.07789 0.09266
0.08639 0.05144 0.01212 0.15757
-0.63426 0.00636 -0.64043 -0.62372
-0.77541 0.22529 -1.22551 -0.64314
-0.80615 0.00528 -0.81043 -0.79583
-1.19893 0.06483 -1.32733 -1.14997
-0.61896 0.04288 -0.66546 -0.54517
-0.12490 0.02823 -0.17424 -0.08682
0.26069 0.01042 0.24589 0.27759
-1.91732 0.03277 -1.93711 -1.85200
-1.18065 0.19108 -1.39389 -0.95832
-0.84351 0.13253 -1.10590 -0.74870
