# avg	std	min	max
0.68830 0.00000 0.68830 0.68830
0.00000 0.00000 0.00000 0.00000
-1.24224 0.00000 -1.24224 -1.24224
-1.43396 0.00000 -1.43396 -1.43396
-1.05569 0.00000 -1.05569 -1.05569
-1.41004 0.00000 -1.41004 -1.41004
-1.13149 0.00000 -1.13149 -1.13149
-0.84210 0.00000 -0.84210 -0.84210
0.74946 0.00000 0.74946 0.74946
-0.05790 0.00000 -0.05790 -0.05790
-0.44339 0.00000 -0.44339 -0.44339
-0.28161 0.00000 -0.28161 -0.28161
-0.86934 0.00000 -0.86934 -0.86934
-0.45017 0.00000 -0.45017 -0.45017
-0.82901 0.00000 -0.82901 -0.82901
0.84772 0.00000 0.84772 0.84772
-0.16908 0.00000 -0.16908 -0.16908
-1.26194 0.00000 -1.26194 -1.26194
-0.98899 0.00000 -0.98899 -0.98899
-0.02917 0.00000 -0.02917 -0.02917
0.74378 0.00000 0.74378 0.74378
1.46877 0.00000 1.46877 1.46877
-0.85852 0.00000 -0.85852 -0.85852
