# avg	std	min	max
0.43224 0.00000 0.43224 0.43224
-0.09831 0.00000 -0.09831 -0.09831
0.10627 0.00000 0.10627 0.10627
-1.23806 0.00000 -1.23806 -1.23806
0.05345 0.00000 0.05345 0.05345
-0.99868 0.00000 -0.99868 -0.99868
-0.55325 0.00000 -0.55325 -0.55325
-0.62299 0.00000 -0.62299 -0.62299
0.37751 0.00000 0.37751 0.37751
0.27349 0.00000 0.27349 0.27349
1.34382 0.00000 1.34382 1.34382
-0.14448 0.00000 -0.14448 -0.14448
-0.30491 0.00000 -0.30491 -0.30491
0.08935 0.00000 0.08935 0.08935
-0.06914 0.00000 -0.06914 -0.06914
0.00080 0.00000 0.00080 0.00080
-0.22421 0.00000 -0.22421 -0.22421
-0.47132 0.00000 -0.47132 -0.47132
0.18694 0.00000 0.18694 0.18694
0.49433 0.00000 0.49433 0.49433
0.24390 0.00000 0.24390 0.24390
0.17269 0.00000 0.17269 0.17269
-0.53605 0.00000 -0.53605 -0.53605
