# avg	std	min	max
0.16387 0.00000 0.16387 0.16387
0.04930 0.00000 0.04930 0.04930
1.15055 0.00000 1.15055 1.15055
-0.40955 0.00000 -0.40955 -0.40955
2.34466 0.00000 2.34466 2.34466
-0.43116 0.00000 -0.43116 -0.43116
-0.60625 0.00000 -0.60625 -0.60625
-0.23073 0.00000 -0.23073 -0.23073
9.18606 0.00000 9.18606 9.18606
-0.41185 0.00000 -0.41185 -0.41185
0.06758 0.00000 0.06758 0.06758
-0.71864 0.00000 -0.71864 -0.71864
-1.15692 0.00000 -1.15692 -1.15692
-0.68864 0.00000 -0.68864 -0.68864
-0.38018 0.00000 -0.38018 -0.38018
-0.00345 0.00000 -0.00345 -0.00345
-0.21088 0.00000 -0.21088 -0.21088
-0.70446 0.00000 -0.70446 -0.70446
-0.77092 0.00000 -0.77092 -0.77092
-0.67883 0.00000 -0.67883 -0.67883
0.49631 0.00000 0.49631 0.49631
1.25602 0.00000 1.25602 1.25602
-0.16540 0.00000 -0.16540 -0.16540
