# avg	std	min	max
1.76782 0.00000 1.76782 1.76782
0.34168 0.00000 0.34168 0.34168
-0.40212 0.00000 -0.40212 -0.40212
-1.05310 0.00000 -1.05310 -1.05310
-0.19316 0.00000 -0.19316 -0.19316
-0.78745 0.00000 -0.78745 -0.78745
-0.78865 0.00000 -0.78865 -0.78865
1.00015 0.00000 1.00015 1.00015
4.64274 0.00000 4.64274 4.64274
1.52290 0.00000 1.52290 1.52290
0.62671 0.00000 0.62671 0.62671
0.43980 0.00000 0.43980 0.43980
-0.58828 0.00000 -0.58828 -0.58828
1.42686 0.00000 1.42686 1.42686
0.58758 0.00000 0.58758 0.58758
0.00536 0.00000 0.00536 0.00536
0.26784 0.00000 0.26784 0.26784
-0.32480 0.00000 -0.32480 -0.32480
0.28476 0.00000 0.28476 0.28476
-0.44062 0.00000 -0.44062 -0.44062
1.78774 0.00000 1.78774 1.78774
2.42373 0.00000 2.42373 2.42373
-0.78798 0.00000 -0.78798 -0.78798
