# avg	std	min	max
2.15650 0.00000 2.15650 2.15650
1.36383 0.00000 1.36383 1.36383
1.69564 0.00000 1.69564 1.69564
1.15042 0.00000 1.15042 1.15042
1.29800 0.00000 1.29800 1.29800
1.36123 0.00000 1.36123 1.36123
1.59091 0.00000 1.59091 1.59091
1.88074 0.00000 1.88074 1.88074
0.72444 0.00000 0.72444 0.72444
1.85542 0.00000 1.85542 1.85542
1.76786 0.00000 1.76786 1.76786
1.74967 0.00000 1.74967 1.74967
1.71630 0.00000 1.71630 1.71630
0.59827 0.00000 0.59827 0.59827
1.63363 0.00000 1.63363 1.63363
-0.00392 0.00000 -0.00392 -0.00392
1.15559 0.00000 1.15559 1.15559
1.41750 0.00000 1.41750 1.41750
1.14622 0.00000 1.14622 1.14622
2.03892 0.00000 2.03892 2.03892
1.27769 0.00000 1.27769 1.27769
1.58318 0.00000 1.58318 1.58318
1.66290 0.00000 1.66290 1.66290
