# avg	std	min	max
0.93401 0.00000 0.93401 0.93401
-0.03868 0.00000 -0.03868 -0.03868
1.25968 0.00000 1.25968 1.25968
0.23119 0.00000 0.23119 0.23119
1.62923 0.00000 1.62923 1.62923
-0.19228 0.00000 -0.19228 -0.19228
2.00946 0.00000 2.00946 2.00946
4.35454 0.00000 4.35454 4.35454
5.14002 0.00000 5.14002 5.14002
0.28512 0.00000 0.28512 0.28512
1.31543 0.00000 1.31543 1.31543
-0.09952 0.00000 -0.09952 -0.09952
2.71328 0.00000 2.71328 2.71328
0.85017 0.00000 0.85017 0.85017
0.28559 0.00000 0.28559 0.28559
-0.13672 0.00000 -0.13672 -0.13672
0.27327 0.00000 0.27327 0.27327
0.12668 0.00000 0.12668 0.12668
0.60207 0.00000 0.60207 0.60207
3.66104 0.00000 3.66104 3.66104
1.67310 0.00000 1.67310 1.67310
3.99363 0.00000 3.99363 3.99363
4.75656 0.00000 4.75656 4.75656
