# avg	std	min	max
1.02744 0.00000 1.02744 1.02744
0.21428 0.00000 0.21428 0.21428
0.39535 0.00000 0.39535 0.39535
-0.22586 0.00000 -0.22586 -0.22586
-0.16055 0.00000 -0.16055 -0.16055
-0.27509 0.00000 -0.27509 -0.27509
0.22455 0.00000 0.22455 0.22455
0.11596 0.00000 0.11596 0.11596
3.49168 0.00000 3.49168 3.49168
0.72199 0.00000 0.72199 0.72199
0.78124 0.00000 0.78124 0.78124
0.60529 0.00000 0.60529 0.60529
0.21209 0.00000 0.21209 0.21209
0.42388 0.00000 0.42388 0.42388
-0.13441 0.00000 -0.13441 -0.13441
0.57836 0.00000 0.57836 0.57836
-0.00830 0.00000 -0.00830 -0.00830
0.04844 0.00000 0.04844 0.04844
0.10388 0.00000 0.10388 0.10388
0.54404 0.00000 0.54404 0.54404
0.44889 0.00000 0.44889 0.44889
0.60315 0.00000 0.60315 0.60315
-0.12064 0.00000 -0.12064 -0.12064
