# avg	std	min	max
1.65124 0.00000 1.65124 1.65124
0.91419 0.00000 0.91419 0.91419
0.87606 0.00000 0.87606 0.87606
-0.16117 0.00000 -0.16117 -0.16117
0.74895 0.00000 0.74895 0.74895
-0.12648 0.00000 -0.12648 -0.12648
0.56003 0.00000 0.56003 0.56003
1.19196 0.00000 1.19196 1.19196
-0.83027 0.00000 -0.83027 -0.83027
1.20720 0.00000 1.20720 1.20720
1.27185 0.00000 1.27185 1.27185
1.26006 0.00000 1.26006 1.26006
0.44480 0.00000 0.44480 0.44480
1.30327 0.00000 1.30327 1.30327
0.36965 0.00000 0.36965 0.36965
0.44341 0.00000 0.44341 0.44341
-0.00827 0.00000 -0.00827 -0.00827
0.12025 0.00000 0.12025 0.12025
0.48178 0.00000 0.48178 0.48178
1.42581 0.00000 1.42581 1.42581
0.46847 0.00000 0.46847 0.46847
0.96601 0.00000 0.96601 0.96601
0.64434 0.00000 0.64434 0.64434
