# avg	std	min	max
-0.10888 0.00000 -0.10888 -0.10888
0.02071 0.00000 0.02071 0.02071
0.93849 0.00000 0.93849 0.93849
-0.02715 0.00000 -0.02715 -0.02715
2.69362 0.00000 2.69362 2.69362
-0.26475 0.00000 -0.26475 -0.26475
0.46417 0.00000 0.46417 0.46417
-0.13564 0.00000 -0.13564 -0.13564
4.26669 0.00000 4.26669 4.26669
-0.46527 0.00000 -0.46527 -0.46527
0.50009 0.00000 0.50009 0.50009
-0.33229 0.00000 -0.33229 -0.33229
0.53027 0.00000 0.53027 0.53027
0.05092 0.00000 0.05092 0.05092
0.02863 0.00000 0.02863 0.02863
0.67524 0.00000 0.67524 0.67524
0.00429 0.00000 0.00429 0.00429
-0.36672 0.00000 -0.36672 -0.36672
-0.37925 0.00000 -0.37925 -0.37925
-0.13808 0.00000 -0.13808 -0.13808
0.04761 0.00000 0.04761 0.04761
0.38379 0.00000 0.38379 0.38379
0.44316 0.00000 0.44316 0.44316
