# avg	std	min	max
6.81193 0.00000 6.81193 6.81193
5.21934 0.00000 5.21934 5.21934
3.22013 0.00000 3.22013 3.22013
2.58639 0.00000 2.58639 2.58639
3.27021 0.00000 3.27021 3.27021
1.26907 0.00000 1.26907 1.26907
-0.00376 0.00000 -0.00376 -0.00376
1.64261 0.00000 1.64261 1.64261
3.41268 0.00000 3.41268 3.41268
6.43774 0.00000 6.43774 6.43774
4.77322 0.00000 4.77322 4.77322
4.52061 0.00000 4.52061 4.52061
1.18256 0.00000 1.18256 1.18256
5.52076 0.00000 5.52076 5.52076
4.47723 0.00000 4.47723 4.47723
6.61227 0.00000 6.61227 6.61227
5.10741 0.00000 5.10741 5.10741
4.76503 0.00000 4.76503 4.76503
7.02389 0.00000 7.02389 7.02389
4.07822 0.00000 4.07822 4.07822
10.50738 0.00000 10.50738 10.50738
11.27157 0.00000 11.27157 11.27157
17.79622 0.00000 17.79622 17.79622
