# avg	std	min	max
4.92805 0.00000 4.92805 4.92805
3.05053 0.00000 3.05053 3.05053
0.78729 0.00000 0.78729 0.78729
1.43908 0.00000 1.43908 1.43908
0.43719 0.00000 0.43719 0.43719
1.67600 0.00000 1.67600 1.67600
-0.17461 0.00000 -0.17461 -0.17461
1.61164 0.00000 1.61164 1.61164
7.39578 0.00000 7.39578 7.39578
4.01324 0.00000 4.01324 4.01324
2.29723 0.00000 2.29723 2.29723
2.26394 0.00000 2.26394 2.26394
0.38966 0.00000 0.38966 0.38966
3.05487 0.00000 3.05487 3.05487
2.60454 0.00000 2.60454 2.60454
5.21866 0.00000 5.21866 5.21866
5.10702 0.00000 5.10702 5.10702
1.32674 0.00000 1.32674 1.32674
2.34568 0.00000 2.34568 2.34568
2.19613 0.00000 2.19613 2.19613
8.55824 0.00000 8.55824 8.55824
8.86442 0.00000 8.86442 8.86442
3.85974 0.00000 3.85974 3.85974
