# avg	std	min	max
2.22044 0.00000 2.22044 2.22044
1.54584 0.00000 1.54584 1.54584
1.36618 0.00000 1.36618 1.36618
0.80721 0.00000 0.80721 0.80721
0.39773 0.00000 0.39773 0.39773
0.87532 0.00000 0.87532 0.87532
0.01094 0.00000 0.01094 0.01094
1.06223 0.00000 1.06223 1.06223
2.82347 0.00000 2.82347 2.82347
2.47981 0.00000 2.47981 2.47981
1.60690 0.00000 1.60690 1.60690
1.60352 0.00000 1.60352 1.60352
0.05137 0.00000 0.05137 0.05137
2.59184 0.00000 2.59184 2.59184
1.89986 0.00000 1.89986 1.89986
2.12298 0.00000 2.12298 2.12298
2.13986 0.00000 2.13986 2.13986
1.63549 0.00000 1.63549 1.63549
1.69820 0.00000 1.69820 1.69820
2.57627 0.00000 2.57627 2.57627
2.60235 0.00000 2.60235 2.60235
1.68254 0.00000 1.68254 1.68254
0.57631 0.00000 0.57631 0.57631
