# avg	std	min	max
0.00000 0.00000 0.00000 0.00000
1.72145 0.00000 1.72145 1.72145
4.28635 0.00000 4.28635 4.28635
0.21019 0.00000 0.21019 0.21019
3.28930 0.00000 3.28930 3.28930
1.17918 0.00000 1.17918 1.17918
1.70159 0.00000 1.70159 1.70159
6.17077 0.00000 6.17077 6.17077
2.39474 0.00000 2.39474 2.39474
1.69942 0.00000 1.69942 1.69942
5.08989 0.00000 5.08989 5.08989
2.54662 0.00000 2.54662 2.54662
2.35774 0.00000 2.35774 2.35774
1.66337 0.00000 1.66337 1.66337
2.18245 0.00000 2.18245 2.18245
0.58231 0.00000 0.58231 0.58231
2.52667 0.00000 2.52667 2.52667
2.80417 0.00000 2.80417 2.80417
1.46473 0.00000 1.46473 1.46473
1.96177 0.00000 1.96177 1.96177
4.23272 0.00000 4.23272 4.23272
8.36436 0.00000 8.36436 8.36436
6.68693 0.00000 6.68693 6.68693
