# avg	std	min	max
0.00000 0.00000 0.00000 0.00000
3.48198 0.00000 3.48198 3.48198
4.38581 0.00000 4.38581 4.38581
3.56544 0.00000 3.56544 3.56544
4.37533 0.00000 4.37533 4.37533
3.48576 0.00000 3.48576 3.48576
3.43221 0.00000 3.43221 3.43221
3.48941 0.00000 3.48941 3.48941
7.46245 0.00000 7.46245 7.46245
3.59743 0.00000 3.59743 3.59743
4.38126 0.00000 4.38126 4.38126
3.20303 0.00000 3.20303 3.20303
3.51032 0.00000 3.51032 3.51032
3.20951 0.00000 3.20951 3.20951
3.35147 0.00000 3.35147 3.35147
3.62569 0.00000 3.62569 3.62569
3.66085 0.00000 3.66085 3.66085
3.45046 0.00000 3.45046 3.45046
3.28615 0.00000 3.28615 3.28615
3.60880 0.00000 3.60880 3.60880
3.70861 0.00000 3.70861 3.70861
4.64296 0.00000 4.64296 4.64296
3.37163 0.00000 3.37163 3.37163
