# avg	std	min	max
0.00000 0.00000 0.00000 0.00000
2.55087 0.00000 2.55087 2.55087
4.61666 0.00000 4.61666 4.61666
3.92284 0.00000 3.92284 3.92284
4.62147 0.00000 4.62147 4.62147
3.35392 0.00000 3.35392 3.35392
3.82609 0.00000 3.82609 3.82609
3.27839 0.00000 3.27839 3.27839
5.37956 0.00000 5.37956 5.37956
2.58039 0.00000 2.58039 2.58039
3.15241 0.00000 3.15241 3.15241
2.53227 0.00000 2.53227 2.53227
3.83922 0.00000 3.83922 3.83922
2.48896 0.00000 2.48896 2.48896
3.70822 0.00000 3.70822 3.70822
2.53484 0.00000 2.53484 2.53484
3.89804 0.00000 3.89804 3.89804
2.48885 0.00000 2.48885 2.48885
2.29890 0.00000 2.29890 2.29890
3.91874 0.00000 3.91874 3.91874
2.77475 0.00000 2.77475 2.77475
3.67894 0.00000 3.67894 3.67894
3.73610 0.00000 3.73610 3.73610
