# avg	std	min	max
0.50852 0.00000 0.50852 0.50852
-0.59274 0.00000 -0.59274 -0.59274
-0.62027 0.00000 -0.62027 -0.62027
-1.89171 0.00000 -1.89171 -1.89171
-1.27423 0.00000 -1.27423 -1.27423
-2.08473 0.00000 -2.08473 -2.08473
-1.86013 0.00000 -1.86013 -1.86013
-1.55124 0.00000 -1.55124 -1.55124
-0.21741 0.00000 -0.21741 -0.21741
0.01000 0.00000 0.01000 0.01000
-0.65564 0.00000 -0.65564 -0.65564
-0.41115 0.00000 -0.41115 -0.41115
-1.78155 0.00000 -1.78155 -1.78155
-0.10603 0.00000 -0.10603 -0.10603
-0.59593 0.00000 -0.59593 -0.59593
0.68699 0.00000 0.68699 0.68699
-0.57665 0.00000 -0.57665 -0.57665
-1.31179 0.00000 -1.31179 -1.31179
-0.73704 0.00000 -0.73704 -0.73704
-0.02264 0.00000 -0.02264 -0.02264
0.45910 0.00000 0.45910 0.45910
0.84987 0.00000 0.84987 0.84987
-2.39594 0.00000 -2.39594 -2.39594
