# avg	std	min	max
3.90761 0.00000 3.90761 3.90761
3.08483 0.00000 3.08483 3.08483
0.66135 0.00000 0.66135 0.66135
-0.53503 0.00000 -0.53503 -0.53503
-0.00553 0.00000 -0.00553 -0.00553
0.09096 0.00000 0.09096 0.09096
-0.01533 0.00000 -0.01533 -0.01533
1.04859 0.00000 1.04859 1.04859
4.58444 0.00000 4.58444 4.58444
3.06111 0.00000 3.06111 3.06111
1.71879 0.00000 1.71879 1.71879
2.02405 0.00000 2.02405 2.02405
0.62387 0.00000 0.62387 0.62387
2.62038 0.00000 2.62038 2.62038
2.48295 0.00000 2.48295 2.48295
2.43179 0.00000 2.43179 2.43179
2.33113 0.00000 2.33113 2.33113
1.62517 0.00000 1.62517 1.62517
2.34826 0.00000 2.34826 2.34826
2.14599 0.00000 2.14599 2.14599
3.32475 0.00000 3.32475 3.32475
3.51997 0.00000 3.51997 3.51997
-0.29798 0.00000 -0.29798 -0.29798
