# avg	std	min	max
6.37075 0.00000 6.37075 6.37075
4.58386 0.00000 4.58386 4.58386
1.38972 0.00000 1.38972 1.38972
1.14691 0.00000 1.14691 1.14691
-0.00606 0.00000 -0.00606 -0.00606
1.20590 0.00000 1.20590 1.20590
8.73045 0.00000 8.73045 8.73045
17.39440 0.00000 17.39440 17.39440
6.99700 0.00000 6.99700 6.99700
5.98184 0.00000 5.98184 5.98184
4.03354 0.00000 4.03354 4.03354
3.61183 0.00000 3.61183 3.61183
15.58340 0.00000 15.58340 15.58340
4.74706 0.00000 4.74706 4.74706
5.76152 0.00000 5.76152 5.76152
6.96883 0.00000 6.96883 6.96883
6.45258 0.00000 6.45258 6.45258
6.42493 0.00000 6.42493 6.42493
8.66703 0.00000 8.66703 8.66703
9.65747 0.00000 9.65747 9.65747
12.96640 0.00000 12.96640 12.96640
11.77444 0.00000 11.77444 11.77444
43.35024 0.00000 43.35024 43.35024
