# avg	std	min	max
5.75775 0.00000 5.75775 5.75775
4.07050 0.00000 4.07050 4.07050
1.12184 0.00000 1.12184 1.12184
0.96778 0.00000 0.96778 0.96778
-0.01427 0.00000 -0.01427 -0.01427
0.15753 0.00000 0.15753 0.15753
7.84025 0.00000 7.84025 7.84025
13.99538 0.00000 13.99538 13.99538
4.91528 0.00000 4.91528 4.91528
5.44522 0.00000 5.44522 5.44522
3.51456 0.00000 3.51456 3.51456
3.22988 0.00000 3.22988 3.22988
12.32482 0.00000 12.32482 12.32482
4.36019 0.00000 4.36019 4.36019
4.01415 0.00000 4.01415 4.01415
6.07766 0.00000 6.07766 6.07766
5.40644 0.00000 5.40644 5.40644
5.37458 0.00000 5.37458 5.37458
7.83934 0.00000 7.83934 7.83934
7.08867 0.00000 7.08867 7.08867
10.47536 0.00000 10.47536 10.47536
8.06776 0.00000 8.06776 8.06776
29.50972 0.00000 29.50972 29.50972
