# avg	std	min	max
0.68432 0.00000 0.68432 0.68432
0.05230 0.00000 0.05230 0.05230
0.12407 0.00000 0.12407 0.12407
-0.33881 0.00000 -0.33881 -0.33881
0.05784 0.00000 0.05784 0.05784
-0.22538 0.00000 -0.22538 -0.22538
3.07633 0.00000 3.07633 3.07633
4.02227 0.00000 4.02227 4.02227
-1.78847 0.00000 -1.78847 -1.78847
0.54471 0.00000 0.54471 0.54471
0.89079 0.00000 0.89079 0.89079
0.56204 0.00000 0.56204 0.56204
2.97402 0.00000 2.97402 2.97402
0.95080 0.00000 0.95080 0.95080
-0.12180 0.00000 -0.12180 -0.12180
0.17843 0.00000 0.17843 0.17843
-1.02442 0.00000 -1.02442 -1.02442
0.01831 0.00000 0.01831 0.01831
-0.16760 0.00000 -0.16760 -0.16760
4.17501 0.00000 4.17501 4.17501
-1.55238 0.00000 -1.55238 -1.55238
-0.76329 0.00000 -0.76329 -0.76329
2.71492 0.00000 2.71492 2.71492
