# avg	std	min	max
1.18859 0.00000 1.18859 1.18859
0.36830 0.00000 0.36830 0.36830
0.56114 0.00000 0.56114 0.56114
-0.15742 0.00000 -0.15742 -0.15742
-0.01339 0.00000 -0.01339 -0.01339
-0.44110 0.00000 -0.44110 -0.44110
-0.10396 0.00000 -0.10396 -0.10396
-0.00754 0.00000 -0.00754 -0.00754
4.52931 0.00000 4.52931 4.52931
0.46888 0.00000 0.46888 0.46888
0.45476 0.00000 0.45476 0.45476
1.09929 0.00000 1.09929 1.09929
0.03129 0.00000 0.03129 0.03129
0.35795 0.00000 0.35795 0.35795
-0.04783 0.00000 -0.04783 -0.04783
0.93642 0.00000 0.93642 0.93642
0.33951 0.00000 0.33951 0.33951
0.00308 0.00000 0.00308 0.00308
0.14049 0.00000 0.14049 0.14049
0.49811 0.00000 0.49811 0.49811
0.90913 0.00000 0.90913 0.90913
1.08885 0.00000 1.08885 1.08885
0.06724 0.00000 0.06724 0.06724
