# avg	std	min	max
4.56445 0.00000 4.56445 4.56445
2.80759 0.00000 2.80759 2.80759
2.91926 0.00000 2.91926 2.91926
0.67316 0.00000 0.67316 0.67316
1.73939 0.00000 1.73939 1.73939
-0.00493 0.00000 -0.00493 -0.00493
1.10143 0.00000 1.10143 1.10143
10.35345 0.00000 10.35345 10.35345
7.04546 0.00000 7.04546 7.04546
3.32377 0.00000 3.32377 3.32377
2.74787 0.00000 2.74787 2.74787
2.20933 0.00000 2.20933 2.20933
5.93367 0.00000 5.93367 5.93367
3.98793 0.00000 3.98793 3.98793
2.81447 0.00000 2.81447 2.81447
4.18154 0.00000 4.18154 4.18154
4.17091 0.00000 4.17091 4.17091
3.09058 0.00000 3.09058 3.09058
4.43160 0.00000 4.43160 4.43160
1.64110 0.00000 1.64110 1.64110
7.32417 0.00000 7.32417 7.32417
7.41877 0.00000 7.41877 7.41877
27.23828 0.00000 27.23828 27.23828
