# avg	std	min	max
6.07252 0.00000 6.07252 6.07252
4.17527 0.00000 4.17527 4.17527
2.98983 0.00000 2.98983 2.98983
1.39257 0.00000 1.39257 1.39257
2.47441 0.00000 2.47441 2.47441
-0.00499 0.00000 -0.00499 -0.00499
12.87920 0.00000 12.87920 12.87920
13.79646 0.00000 13.79646 13.79646
10.03800 0.00000 10.03800 10.03800
5.63774 0.00000 5.63774 5.63774
5.72734 0.00000 5.72734 5.72734
3.31222 0.00000 3.31222 3.31222
19.02280 0.00000 19.02280 19.02280
3.90861 0.00000 3.90861 3.90861
4.19374 0.00000 4.19374 4.19374
7.44378 0.00000 7.44378 7.44378
6.46506 0.00000 6.46506 6.46506
4.54696 0.00000 4.54696 4.54696
7.01897 0.00000 7.01897 7.01897
10.58943 0.00000 10.58943 10.58943
10.81246 0.00000 10.81246 10.81246
13.89598 0.00000 13.89598 13.89598
42.15800 0.00000 42.15800 42.15800
