# avg	std	min	max
0.06125 0.00000 0.06125 0.06125
-0.18032 0.00000 -0.18032 -0.18032
0.42171 0.00000 0.42171 0.42171
-0.19621 0.00000 -0.19621 -0.19621
0.31488 0.00000 0.31488 0.31488
0.03571 0.00000 0.03571 0.03571
-0.05370 0.00000 -0.05370 -0.05370
0.07676 0.00000 0.07676 0.07676
0.59593 0.00000 0.59593 0.59593
-0.40545 0.00000 -0.40545 -0.40545
-0.04941 0.00000 -0.04941 -0.04941
-0.00268 0.00000 -0.00268 -0.00268
0.01109 0.00000 0.01109 0.01109
-0.05704 0.00000 -0.05704 -0.05704
-0.42809 0.00000 -0.42809 -0.42809
0.00765 0.00000 0.00765 0.00765
-0.16255 0.00000 -0.16255 -0.16255
-0.20735 0.00000 -0.20735 -0.20735
-0.10175 0.00000 -0.10175 -0.10175
0.07312 0.00000 0.07312 0.07312
0.08461 0.00000 0.08461 0.08461
0.55734 0.00000 0.55734 0.55734
-0.05111 0.00000 -0.05111 -0.05111
