# avg	std	min	max
2.11704 0.00000 2.11704 2.11704
1.38017 0.00000 1.38017 1.38017
0.60114 0.00000 0.60114 0.60114
-0.41090 0.00000 -0.41090 -0.41090
0.03527 0.00000 0.03527 0.03527
-0.53295 0.00000 -0.53295 -0.53295
0.75453 0.00000 0.75453 0.75453
1.16456 0.00000 1.16456 1.16456
2.02512 0.00000 2.02512 2.02512
1.19197 0.00000 1.19197 1.19197
0.07760 0.00000 0.07760 0.07760
1.00013 0.00000 1.00013 1.00013
1.00822 0.00000 1.00822 1.00822
-0.03089 0.00000 -0.03089 -0.03089
0.95196 0.00000 0.95196 0.95196
1.98442 0.00000 1.98442 1.98442
1.50784 0.00000 1.50784 1.50784
0.52718 0.00000 0.52718 0.52718
0.57352 0.00000 0.57352 0.57352
1.81027 0.00000 1.81027 1.81027
2.31168 0.00000 2.31168 2.31168
1.74705 0.00000 1.74705 1.74705
0.80364 0.00000 0.80364 0.80364
