# avg	std	min	max
-0.09557 0.00000 -0.09557 -0.09557
-0.09683 0.00000 -0.09683 -0.09683
1.01487 0.00000 1.01487 1.01487
0.23248 0.00000 0.23248 0.23248
0.95780 0.00000 0.95780 0.95780
0.28472 0.00000 0.28472 0.28472
-0.09887 0.00000 -0.09887 -0.09887
0.08341 0.00000 0.08341 0.08341
0.77481 0.00000 0.77481 0.77481
-0.16324 0.00000 -0.16324 -0.16324
0.41949 0.00000 0.41949 0.41949
0.23679 0.00000 0.23679 0.23679
-0.00929 0.00000 -0.00929 -0.00929
-0.00000 0.00000 -0.00000 -0.00000
-0.00150 0.00000 -0.00150 -0.00150
-0.10548 0.00000 -0.10548 -0.10548
-0.21614 0.00000 -0.21614 -0.21614
-0.08406 0.00000 -0.08406 -0.08406
-0.32373 0.00000 -0.32373 -0.32373
0.19573 0.00000 0.19573 0.19573
0.07241 0.00000 0.07241 0.07241
1.80659 0.00000 1.80659 1.80659
-0.08000 0.00000 -0.08000 -0.08000
