# avg	std	min	max
1.46238 0.00000 1.46238 1.46238
1.33591 0.00000 1.33591 1.33591
1.49036 0.00000 1.49036 1.49036
1.15956 0.00000 1.15956 1.15956
1.06306 0.00000 1.06306 1.06306
0.74454 0.00000 0.74454 0.74454
1.20191 0.00000 1.20191 1.20191
1.35113 0.00000 1.35113 1.35113
-0.00043 0.00000 -0.00043 -0.00043
1.77240 0.00000 1.77240 1.77240
1.90627 0.00000 1.90627 1.90627
1.31086 0.00000 1.31086 1.31086
1.19589 0.00000 1.19589 1.19589
1.32537 0.00000 1.32537 1.32537
1.12862 0.00000 1.12862 1.12862
1.75553 0.00000 1.75553 1.75553
0.78845 0.00000 0.78845 0.78845
1.54079 0.00000 1.54079 1.54079
1.45507 0.00000 1.45507 1.45507
1.17538 0.00000 1.17538 1.17538
1.42981 0.00000 1.42981 1.42981
2.02319 0.00000 2.02319 2.02319
0.98499 0.00000 0.98499 0.98499
