# avg	std	min	max
1.23747 0.00000 1.23747 1.23747
0.85331 0.00000 0.85331 0.85331
1.36287 0.00000 1.36287 1.36287
0.45866 0.00000 0.45866 0.45866
0.85103 0.00000 0.85103 0.85103
0.27280 0.00000 0.27280 0.27280
0.66504 0.00000 0.66504 0.66504
0.97963 0.00000 0.97963 0.97963
-0.02092 0.00000 -0.02092 -0.02092
1.14572 0.00000 1.14572 1.14572
1.58625 0.00000 1.58625 1.58625
1.13225 0.00000 1.13225 1.13225
0.99308 0.00000 0.99308 0.99308
1.48693 0.00000 1.48693 1.48693
1.04620 0.00000 1.04620 1.04620
1.36356 0.00000 1.36356 1.36356
0.63127 0.00000 0.63127 0.63127
0.52633 0.00000 0.52633 0.52633
0.93359 0.00000 0.93359 0.93359
1.22767 0.00000 1.22767 1.22767
1.02826 0.00000 1.02826 1.02826
1.42459 0.00000 1.42459 1.42459
0.09950 0.00000 0.09950 0.09950
