# avg	std	min	max
0.97957 0.00000 0.97957 0.97957
0.59205 0.00000 0.59205 0.59205
0.41114 0.00000 0.41114 0.41114
-0.21175 0.00000 -0.21175 -0.21175
0.16247 0.00000 0.16247 0.16247
-0.61893 0.00000 -0.61893 -0.61893
0.42160 0.00000 0.42160 0.42160
0.13090 0.00000 0.13090 0.13090
-0.95470 0.00000 -0.95470 -0.95470
0.52465 0.00000 0.52465 0.52465
0.79995 0.00000 0.79995 0.79995
0.21235 0.00000 0.21235 0.21235
0.29842 0.00000 0.29842 0.29842
0.28143 0.00000 0.28143 0.28143
0.01217 0.00000 0.01217 0.01217
0.68968 0.00000 0.68968 0.68968
-0.12378 0.00000 -0.12378 -0.12378
-0.01327 0.00000 -0.01327 -0.01327
0.24232 0.00000 0.24232 0.24232
1.00471 0.00000 1.00471 1.00471
-0.01453 0.00000 -0.01453 -0.01453
1.35334 0.00000 1.35334 1.35334
0.10393 0.00000 0.10393 0.10393
