# avg	std	min	max
1.10923 0.00000 1.10923 1.10923
0.15884 0.00000 0.15884 0.15884
0.91900 0.00000 0.91900 0.91900
0.07403 0.00000 0.07403 0.07403
0.54361 0.00000 0.54361 0.54361
0.01585 0.00000 0.01585 0.01585
0.00441 0.00000 0.00441 0.00441
0.38578 0.00000 0.38578 0.38578
2.04814 0.00000 2.04814 2.04814
0.04277 0.00000 0.04277 0.04277
-0.48222 0.00000 -0.48222 -0.48222
0.47206 0.00000 0.47206 0.47206
0.23999 0.00000 0.23999 0.23999
0.23758 0.00000 0.23758 0.23758
-0.02897 0.00000 -0.02897 -0.02897
-0.27145 0.00000 -0.27145 -0.27145
0.08068 0.00000 0.08068 0.08068
-0.37780 0.00000 -0.37780 -0.37780
-0.18565 0.00000 -0.18565 -0.18565
0.69743 0.00000 0.69743 0.69743
0.40110 0.00000 0.40110 0.40110
1.65785 0.00000 1.65785 1.65785
0.18339 0.00000 0.18339 0.18339
