# avg	std	min	max
1.08013 0.00000 1.08013 1.08013
0.18003 0.00000 0.18003 0.18003
-0.26768 0.00000 -0.26768 -0.26768
-1.09285 0.00000 -1.09285 -1.09285
-1.01882 0.00000 -1.01882 -1.01882
-1.37364 0.00000 -1.37364 -1.37364
-1.26700 0.00000 -1.26700 -1.26700
-0.10312 0.00000 -0.10312 -0.10312
-1.34468 0.00000 -1.34468 -1.34468
0.63551 0.00000 0.63551 0.63551
0.40271 0.00000 0.40271 0.40271
0.30314 0.00000 0.30314 0.30314
-1.54618 0.00000 -1.54618 -1.54618
0.51495 0.00000 0.51495 0.51495
-0.02881 0.00000 -0.02881 -0.02881
1.14150 0.00000 1.14150 1.14150
0.03990 0.00000 0.03990 0.03990
-0.58814 0.00000 -0.58814 -0.58814
-0.37097 0.00000 -0.37097 -0.37097
-0.06393 0.00000 -0.06393 -0.06393
0.89524 0.00000 0.89524 0.89524
0.85698 0.00000 0.85698 0.85698
0.20183 0.00000 0.20183 0.20183
