# avg	std	min	max
0.51499 0.00000 0.51499 0.51499
0.25463 0.00000 0.25463 0.25463
0.15302 0.00000 0.15302 0.15302
-0.36014 0.00000 -0.36014 -0.36014
0.04633 0.00000 0.04633 0.04633
-0.16184 0.00000 -0.16184 -0.16184
0.17226 0.00000 0.17226 0.17226
0.67082 0.00000 0.67082 0.67082
2.56489 0.00000 2.56489 2.56489
0.65465 0.00000 0.65465 0.65465
0.66713 0.00000 0.66713 0.66713
0.34738 0.00000 0.34738 0.34738
0.26843 0.00000 0.26843 0.26843
-0.15404 0.00000 -0.15404 -0.15404
-0.09667 0.00000 -0.09667 -0.09667
-0.13224 0.00000 -0.13224 -0.13224
0.52290 0.00000 0.52290 0.52290
-0.26982 0.00000 -0.26982 -0.26982
-0.30879 0.00000 -0.30879 -0.30879
0.55679 0.00000 0.55679 0.55679
0.69859 0.00000 0.69859 0.69859
1.69071 0.00000 1.69071 1.69071
0.27122 0.00000 0.27122 0.27122
