# avg	std	min	max
0.04254 0.00000 0.04254 0.04254
-0.15454 0.00000 -0.15454 -0.15454
0.49430 0.00000 0.49430 0.49430
0.29048 0.00000 0.29048 0.29048
0.82745 0.00000 0.82745 0.82745
-0.13989 0.00000 -0.13989 -0.13989
-0.04801 0.00000 -0.04801 -0.04801
-0.11465 0.00000 -0.11465 -0.11465
-0.70248 0.00000 -0.70248 -0.70248
0.14360 0.00000 0.14360 0.14360
0.40673 0.00000 0.40673 0.40673
0.07582 0.00000 0.07582 0.07582
0.28771 0.00000 0.28771 0.28771
-0.08273 0.00000 -0.08273 -0.08273
0.01199 0.00000 0.01199 0.01199
0.16030 0.00000 0.16030 0.16030
0.11839 0.00000 0.11839 0.11839
0.08984 0.00000 0.08984 0.08984
-0.15251 0.00000 -0.15251 -0.15251
0.30851 0.00000 0.30851 0.30851
0.75680 0.00000 0.75680 0.75680
0.54500 0.00000 0.54500 0.54500
-0.18013 0.00000 -0.18013 -0.18013
