# avg	std	min	max
4.10893 0.00000 4.10893 4.10893
2.93145 0.00000 2.93145 2.93145
2.50948 0.00000 2.50948 2.50948
1.79534 0.00000 1.79534 1.79534
2.33613 0.00000 2.33613 2.33613
1.54277 0.00000 1.54277 1.54277
2.16902 0.00000 2.16902 2.16902
4.29653 0.00000 4.29653 4.29653
4.81331 0.00000 4.81331 4.81331
4.04422 0.00000 4.04422 4.04422
3.84706 0.00000 3.84706 3.84706
3.48166 0.00000 3.48166 3.48166
2.86362 0.00000 2.86362 2.86362
3.86788 0.00000 3.86788 3.86788
2.54582 0.00000 2.54582 2.54582
4.78507 0.00000 4.78507 4.78507
3.19336 0.00000 3.19336 3.19336
2.04307 0.00000 2.04307 2.04307
-0.00000 0.00000 -0.00000 -0.00000
2.32830 0.00000 2.32830 2.32830
4.91129 0.00000 4.91129 4.91129
4.45856 0.00000 4.45856 4.45856
4.30595 0.00000 4.30595 4.30595
