# avg	std	min	max
2.06421 0.00000 2.06421 2.06421
1.02206 0.00000 1.02206 1.02206
1.30653 0.00000 1.30653 1.30653
0.31680 0.00000 0.31680 0.31680
0.28377 0.00000 0.28377 0.28377
-0.26484 0.00000 -0.26484 -0.26484
0.36114 0.00000 0.36114 0.36114
0.63420 0.00000 0.63420 0.63420
3.40949 0.00000 3.40949 3.40949
1.20113 0.00000 1.20113 1.20113
0.96006 0.00000 0.96006 0.96006
1.60607 0.00000 1.60607 1.60607
0.36938 0.00000 0.36938 0.36938
0.84486 0.00000 0.84486 0.84486
0.70309 0.00000 0.70309 0.70309
1.79249 0.00000 1.79249 1.79249
1.09630 0.00000 1.09630 1.09630
0.21756 0.00000 0.21756 0.21756
-0.00907 0.00000 -0.00907 -0.00907
0.76565 0.00000 0.76565 0.76565
1.86028 0.00000 1.86028 1.86028
2.00600 0.00000 2.00600 2.00600
0.08217 0.00000 0.08217 0.08217
