# avg	std	min	max
0.85004 0.00000 0.85004 0.85004
0.35645 0.00000 0.35645 0.35645
1.06462 0.00000 1.06462 1.06462
0.70776 0.00000 0.70776 0.70776
1.18131 0.00000 1.18131 1.18131
0.90836 0.00000 0.90836 0.90836
0.90566 0.00000 0.90566 0.90566
0.86965 0.00000 0.86965 0.86965
0.66041 0.00000 0.66041 0.66041
0.23453 0.00000 0.23453 0.23453
0.71589 0.00000 0.71589 0.71589
0.63334 0.00000 0.63334 0.63334
0.93271 0.00000 0.93271 0.93271
0.62549 0.00000 0.62549 0.62549
0.39369 0.00000 0.39369 0.39369
0.01374 0.00000 0.01374 0.01374
0.13044 0.00000 0.13044 0.13044
0.19374 0.00000 0.19374 0.19374
-0.00161 0.00000 -0.00161 -0.00161
0.83057 0.00000 0.83057 0.83057
-0.17151 0.00000 -0.17151 -0.17151
0.99942 0.00000 0.99942 0.99942
0.72013 0.00000 0.72013 0.72013
