# avg	std	min	max
1.74952 0.00000 1.74952 1.74952
0.65365 0.00000 0.65365 0.65365
-0.36110 0.00000 -0.36110 -0.36110
-0.77568 0.00000 -0.77568 -0.77568
-0.70373 0.00000 -0.70373 -0.70373
-0.59580 0.00000 -0.59580 -0.59580
-0.28393 0.00000 -0.28393 -0.28393
0.08258 0.00000 0.08258 0.08258
3.59567 0.00000 3.59567 3.59567
0.78709 0.00000 0.78709 0.78709
-0.04269 0.00000 -0.04269 -0.04269
0.34734 0.00000 0.34734 0.34734
0.39075 0.00000 0.39075 0.39075
0.82934 0.00000 0.82934 0.82934
-0.22929 0.00000 -0.22929 -0.22929
1.08508 0.00000 1.08508 1.08508
0.13329 0.00000 0.13329 0.13329
-0.21066 0.00000 -0.21066 -0.21066
-0.05817 0.00000 -0.05817 -0.05817
0.40988 0.00000 0.40988 0.40988
0.65814 0.00000 0.65814 0.65814
0.36767 0.00000 0.36767 0.36767
0.12311 0.00000 0.12311 0.12311
