# avg	std	min	max
0.38394 0.00000 0.38394 0.38394
-0.81579 0.00000 -0.81579 -0.81579
-1.36940 0.00000 -1.36940 -1.36940
-1.68670 0.00000 -1.68670 -1.68670
-1.69135 0.00000 -1.69135 -1.69135
-1.36109 0.00000 -1.36109 -1.36109
-1.81528 0.00000 -1.81528 -1.81528
-1.00947 0.00000 -1.00947 -1.00947
5.71140 0.00000 5.71140 5.71140
-0.00033 0.00000 -0.00033 -0.00033
-0.44999 0.00000 -0.44999 -0.44999
-0.24589 0.00000 -0.24589 -0.24589
-1.78368 0.00000 -1.78368 -1.78368
0.54319 0.00000 0.54319 0.54319
-1.02569 0.00000 -1.02569 -1.02569
-0.51710 0.00000 -0.51710 -0.51710
-1.26269 0.00000 -1.26269 -1.26269
-1.24082 0.00000 -1.24082 -1.24082
-0.57050 0.00000 -0.57050 -0.57050
-0.16977 0.00000 -0.16977 -0.16977
-0.55689 0.00000 -0.55689 -0.55689
-0.26968 0.00000 -0.26968 -0.26968
-1.84751 0.00000 -1.84751 -1.84751
