# avg	std	min	max
0.48894 0.00000 0.48894 0.48894
-0.26541 0.00000 -0.26541 -0.26541
0.48591 0.00000 0.48591 0.48591
-0.30532 0.00000 -0.30532 -0.30532
0.30470 0.00000 0.30470 0.30470
0.10072 0.00000 0.10072 0.10072
0.21226 0.00000 0.21226 0.21226
0.59050 0.00000 0.59050 0.59050
-0.40557 0.00000 -0.40557 -0.40557
-0.00150 0.00000 -0.00150 -0.00150
0.73192 0.00000 0.73192 0.73192
0.38746 0.00000 0.38746 0.38746
0.28171 0.00000 0.28171 0.28171
0.51174 0.00000 0.51174 0.51174
0.39666 0.00000 0.39666 0.39666
0.24014 0.00000 0.24014 0.24014
0.21643 0.00000 0.21643 0.21643
0.18257 0.00000 0.18257 0.18257
0.24770 0.00000 0.24770 0.24770
0.72404 0.00000 0.72404 0.72404
0.64255 0.00000 0.64255 0.64255
1.29560 0.00000 1.29560 1.29560
0.04736 0.00000 0.04736 0.04736
