# avg	std	min	max
-0.40320 0.00000 -0.40320 -0.40320
-0.31386 0.00000 -0.31386 -0.31386
0.24076 0.00000 0.24076 0.24076
0.12317 0.00000 0.12317 0.12317
0.39777 0.00000 0.39777 0.39777
0.03647 0.00000 0.03647 0.03647
0.43118 0.00000 0.43118 0.43118
-0.02806 0.00000 -0.02806 -0.02806
0.18959 0.00000 0.18959 0.18959
-0.09780 0.00000 -0.09780 -0.09780
0.00137 0.00000 0.00137 0.00137
-0.07491 0.00000 -0.07491 -0.07491
0.18076 0.00000 0.18076 0.18076
0.01552 0.00000 0.01552 0.01552
0.04931 0.00000 0.04931 0.04931
-0.03068 0.00000 -0.03068 -0.03068
-0.04394 0.00000 -0.04394 -0.04394
0.03184 0.00000 0.03184 0.03184
0.08144 0.00000 0.08144 0.08144
0.10774 0.00000 0.10774 0.10774
0.08352 0.00000 0.08352 0.08352
0.33609 0.00000 0.33609 0.33609
0.07084 0.00000 0.07084 0.07084
