# avg	std	min	max
0.81319 0.00000 0.81319 0.81319
-0.36074 0.00000 -0.36074 -0.36074
-0.60595 0.00000 -0.60595 -0.60595
-1.44972 0.00000 -1.44972 -1.44972
-1.15263 0.00000 -1.15263 -1.15263
-1.62764 0.00000 -1.62764 -1.62764
-0.53443 0.00000 -0.53443 -0.53443
-0.21130 0.00000 -0.21130 -0.21130
3.68505 0.00000 3.68505 3.68505
0.25399 0.00000 0.25399 0.25399
-0.00820 0.00000 -0.00820 -0.00820
-0.32743 0.00000 -0.32743 -0.32743
-0.42043 0.00000 -0.42043 -0.42043
0.45233 0.00000 0.45233 0.45233
-0.73105 0.00000 -0.73105 -0.73105
0.28867 0.00000 0.28867 0.28867
-1.05953 0.00000 -1.05953 -1.05953
-0.35899 0.00000 -0.35899 -0.35899
0.05599 0.00000 0.05599 0.05599
0.35624 0.00000 0.35624 0.35624
-0.96980 0.00000 -0.96980 -0.96980
-0.40438 0.00000 -0.40438 -0.40438
-0.92495 0.00000 -0.92495 -0.92495
