# avg	std	min	max
-0.41297 0.00000 -0.41297 -0.41297
-0.40714 0.00000 -0.40714 -0.40714
-0.09000 0.00000 -0.09000 -0.09000
-0.58397 0.00000 -0.58397 -0.58397
-0.11616 0.00000 -0.11616 -0.11616
-0.49383 0.00000 -0.49383 -0.49383
-0.46940 0.00000 -0.46940 -0.46940
-0.27962 0.00000 -0.27962 -0.27962
-0.37705 0.00000 -0.37705 -0.37705
-0.42725 0.00000 -0.42725 -0.42725
-0.00010 0.00000 -0.00010 -0.00010
-0.61093 0.00000 -0.61093 -0.61093
-0.45532 0.00000 -0.45532 -0.45532
-0.92132 0.00000 -0.92132 -0.92132
-0.86018 0.00000 -0.86018 -0.86018
-0.39188 0.00000 -0.39188 -0.39188
-0.87685 0.00000 -0.87685 -0.87685
-0.41325 0.00000 -0.41325 -0.41325
-0.42924 0.00000 -0.42924 -0.42924
-0.16179 0.00000 -0.16179 -0.16179
-0.80465 0.00000 -0.80465 -0.80465
-0.06051 0.00000 -0.06051 -0.06051
-0.59541 0.00000 -0.59541 -0.59541
