# avg	std	min	max
1.00142 0.00000 1.00142 1.00142
0.37861 0.00000 0.37861 0.37861
-0.50406 0.00000 -0.50406 -0.50406
-1.17023 0.00000 -1.17023 -1.17023
-0.70835 0.00000 -0.70835 -0.70835
-1.53672 0.00000 -1.53672 -1.53672
0.62405 0.00000 0.62405 0.62405
1.04641 0.00000 1.04641 1.04641
1.67802 0.00000 1.67802 1.67802
0.75681 0.00000 0.75681 0.75681
0.00102 0.00000 0.00102 0.00102
-0.13692 0.00000 -0.13692 -0.13692
0.81115 0.00000 0.81115 0.81115
0.07450 0.00000 0.07450 0.07450
-0.58065 0.00000 -0.58065 -0.58065
1.59494 0.00000 1.59494 1.59494
0.35886 0.00000 0.35886 0.35886
-0.92447 0.00000 -0.92447 -0.92447
-0.64706 0.00000 -0.64706 -0.64706
1.03887 0.00000 1.03887 1.03887
1.31910 0.00000 1.31910 1.31910
0.45436 0.00000 0.45436 0.45436
1.07537 0.00000 1.07537 1.07537
