# avg	std	min	max
0.13034 0.00000 0.13034 0.13034
0.21948 0.00000 0.21948 0.21948
0.35240 0.00000 0.35240 0.35240
-0.16977 0.00000 -0.16977 -0.16977
0.01626 0.00000 0.01626 0.01626
-0.51211 0.00000 -0.51211 -0.51211
-0.53916 0.00000 -0.53916 -0.53916
-0.51291 0.00000 -0.51291 -0.51291
1.35106 0.00000 1.35106 1.35106
0.28208 0.00000 0.28208 0.28208
-0.00858 0.00000 -0.00858 -0.00858
0.12963 0.00000 0.12963 0.12963
-1.66164 0.00000 -1.66164 -1.66164
0.11887 0.00000 0.11887 0.11887
-0.05430 0.00000 -0.05430 -0.05430
0.27619 0.00000 0.27619 0.27619
0.03318 0.00000 0.03318 0.03318
-0.42973 0.00000 -0.42973 -0.42973
-0.48846 0.00000 -0.48846 -0.48846
0.19196 0.00000 0.19196 0.19196
0.51725 0.00000 0.51725 0.51725
0.72538 0.00000 0.72538 0.72538
-0.82497 0.00000 -0.82497 -0.82497
