# avg	std	min	max
5.24777 0.00000 5.24777 5.24777
3.39078 0.00000 3.39078 3.39078
-0.00091 0.00000 -0.00091 -0.00091
0.64605 0.00000 0.64605 0.64605
0.80906 0.00000 0.80906 0.80906
0.21479 0.00000 0.21479 0.21479
11.25826 0.00000 11.25826 11.25826
12.08952 0.00000 12.08952 12.08952
6.78799 0.00000 6.78799 6.78799
4.60687 0.00000 4.60687 4.60687
2.61415 0.00000 2.61415 2.61415
2.46440 0.00000 2.46440 2.46440
13.47302 0.00000 13.47302 13.47302
2.38209 0.00000 2.38209 2.38209
2.98383 0.00000 2.98383 2.98383
4.04190 0.00000 4.04190 4.04190
3.82661 0.00000 3.82661 3.82661
4.22371 0.00000 4.22371 4.22371
1.34852 0.00000 1.34852 1.34852
9.79735 0.00000 9.79735 9.79735
9.06007 0.00000 9.06007 9.06007
8.52631 0.00000 8.52631 8.52631
22.43844 0.00000 22.43844 22.43844
