# avg	std	min	max
1.26965 0.00000 1.26965 1.26965
0.51163 0.00000 0.51163 0.51163
1.71511 0.00000 1.71511 1.71511
0.62103 0.00000 0.62103 0.62103
1.48368 0.00000 1.48368 1.48368
0.37707 0.00000 0.37707 0.37707
0.57187 0.00000 0.57187 0.57187
0.76646 0.00000 0.76646 0.76646
1.24503 0.00000 1.24503 1.24503
0.36009 0.00000 0.36009 0.36009
0.82891 0.00000 0.82891 0.82891
0.70302 0.00000 0.70302 0.70302
0.60227 0.00000 0.60227 0.60227
0.29955 0.00000 0.29955 0.29955
0.02704 0.00000 0.02704 0.02704
1.43761 0.00000 1.43761 1.43761
0.97729 0.00000 0.97729 0.97729
0.00000 0.00000 0.00000 0.00000
-0.08106 0.00000 -0.08106 -0.08106
0.66557 0.00000 0.66557 0.66557
1.35723 0.00000 1.35723 1.35723
2.23230 0.00000 2.23230 2.23230
0.60875 0.00000 0.60875 0.60875
