# avg	std	min	max
0.80509 0.00000 0.80509 0.80509
-0.14207 0.00000 -0.14207 -0.14207
0.30418 0.00000 0.30418 0.30418
-0.45763 0.00000 -0.45763 -0.45763
-0.45069 0.00000 -0.45069 -0.45069
-1.09498 0.00000 -1.09498 -1.09498
-0.39091 0.00000 -0.39091 -0.39091
-0.17625 0.00000 -0.17625 -0.17625
2.74544 0.00000 2.74544 2.74544
0.64748 0.00000 0.64748 0.64748
1.20314 0.00000 1.20314 1.20314
0.69615 0.00000 0.69615 0.69615
-0.24754 0.00000 -0.24754 -0.24754
0.15813 0.00000 0.15813 0.15813
-0.32600 0.00000 -0.32600 -0.32600
-0.18211 0.00000 -0.18211 -0.18211
-0.60586 0.00000 -0.60586 -0.60586
-0.02165 0.00000 -0.02165 -0.02165
0.42149 0.00000 0.42149 0.42149
0.46533 0.00000 0.46533 0.46533
-0.88405 0.00000 -0.88405 -0.88405
-0.84277 0.00000 -0.84277 -0.84277
-0.74670 0.00000 -0.74670 -0.74670
