# avg	std	min	max
1.01832 0.00000 1.01832 1.01832
0.32656 0.00000 0.32656 0.32656
0.50790 0.00000 0.50790 0.50790
0.07352 0.00000 0.07352 0.07352
-0.09909 0.00000 -0.09909 -0.09909
-0.12430 0.00000 -0.12430 -0.12430
-0.12698 0.00000 -0.12698 -0.12698
-0.17185 0.00000 -0.17185 -0.17185
3.01439 0.00000 3.01439 3.01439
0.31368 0.00000 0.31368 0.31368
0.22986 0.00000 0.22986 0.22986
0.85815 0.00000 0.85815 0.85815
-0.00829 0.00000 -0.00829 -0.00829
0.48481 0.00000 0.48481 0.48481
-0.00357 0.00000 -0.00357 -0.00357
0.39836 0.00000 0.39836 0.39836
0.11638 0.00000 0.11638 0.11638
-0.02822 0.00000 -0.02822 -0.02822
0.20678 0.00000 0.20678 0.20678
0.48379 0.00000 0.48379 0.48379
0.44863 0.00000 0.44863 0.44863
0.34182 0.00000 0.34182 0.34182
-0.74170 0.00000 -0.74170 -0.74170
