# avg	std	min	max
5.51052 0.00000 5.51052 5.51052
3.69306 0.00000 3.69306 3.69306
5.13521 0.00000 5.13521 5.13521
-0.00023 0.00000 -0.00023 -0.00023
4.23924 0.00000 4.23924 4.23924
0.32662 0.00000 0.32662 0.32662
3.53880 0.00000 3.53880 3.53880
14.80386 0.00000 14.80386 14.80386
5.65929 0.00000 5.65929 5.65929
4.49331 0.00000 4.49331 4.49331
4.05561 0.00000 4.05561 4.05561
3.37550 0.00000 3.37550 3.37550
7.40577 0.00000 7.40577 7.40577
4.20526 0.00000 4.20526 4.20526
4.36745 0.00000 4.36745 4.36745
4.64451 0.00000 4.64451 4.64451
4.25137 0.00000 4.25137 4.25137
6.44579 0.00000 6.44579 6.44579
10.89399 0.00000 10.89399 10.89399
5.24076 0.00000 5.24076 5.24076
8.97592 0.00000 8.97592 8.97592
12.17332 0.00000 12.17332 12.17332
21.11714 0.00000 21.11714 21.11714
