# avg	std	min	max
0.61610 0.00000 0.61610 0.61610
0.88090 0.00000 0.88090 0.88090
2.38058 0.00000 2.38058 2.38058
1.18161 0.00000 1.18161 1.18161
3.44299 0.00000 3.44299 3.44299
1.23558 0.00000 1.23558 1.23558
1.02250 0.00000 1.02250 1.02250
2.63023 0.00000 2.63023 2.63023
5.39898 0.00000 5.39898 5.39898
0.28147 0.00000 0.28147 0.28147
1.33636 0.00000 1.33636 1.33636
0.91681 0.00000 0.91681 0.91681
1.06645 0.00000 1.06645 1.06645
-0.03038 0.00000 -0.03038 -0.03038
0.37256 0.00000 0.37256 0.37256
1.05509 0.00000 1.05509 1.05509
1.07551 0.00000 1.07551 1.07551
-0.97740 0.00000 -0.97740 -0.97740
-0.28091 0.00000 -0.28091 -0.28091
-0.47862 0.00000 -0.47862 -0.47862
1.35679 0.00000 1.35679 1.35679
1.74894 0.00000 1.74894 1.74894
1.08330 0.00000 1.08330 1.08330
