# avg	std	min	max
-0.09284 0.00000 -0.09284 -0.09284
0.04602 0.00000 0.04602 0.04602
0.16432 0.00000 0.16432 0.16432
0.02471 0.00000 0.02471 0.02471
0.14749 0.00000 0.14749 0.14749
-0.01250 0.00000 -0.01250 -0.01250
0.23926 0.00000 0.23926 0.23926
-0.03062 0.00000 -0.03062 -0.03062
-0.00025 0.00000 -0.00025 -0.00025
-0.00287 0.00000 -0.00287 -0.00287
0.13540 0.00000 0.13540 0.13540
-0.00211 0.00000 -0.00211 -0.00211
0.23857 0.00000 0.23857 0.23857
0.00878 0.00000 0.00878 0.00878
-0.24907 0.00000 -0.24907 -0.24907
-0.11460 0.00000 -0.11460 -0.11460
-0.12070 0.00000 -0.12070 -0.12070
0.02313 0.00000 0.02313 0.02313
0.04844 0.00000 0.04844 0.04844
-0.00726 0.00000 -0.00726 -0.00726
-0.11658 0.00000 -0.11658 -0.11658
0.08868 0.00000 0.08868 0.08868
-0.28546 0.00000 -0.28546 -0.28546
