# avg	std	min	max
0.21351 0.00000 0.21351 0.21351
0.12746 0.00000 0.12746 0.12746
0.26737 0.00000 0.26737 0.26737
-0.42073 0.00000 -0.42073 -0.42073
-0.21223 0.00000 -0.21223 -0.21223
-0.77338 0.00000 -0.77338 -0.77338
-0.19341 0.00000 -0.19341 -0.19341
-0.24340 0.00000 -0.24340 -0.24340
3.14522 0.00000 3.14522 3.14522
0.45538 0.00000 0.45538 0.45538
0.31789 0.00000 0.31789 0.31789
0.11677 0.00000 0.11677 0.11677
-0.13600 0.00000 -0.13600 -0.13600
0.28772 0.00000 0.28772 0.28772
-0.00639 0.00000 -0.00639 -0.00639
0.30611 0.00000 0.30611 0.30611
-0.08304 0.00000 -0.08304 -0.08304
-0.21772 0.00000 -0.21772 -0.21772
-0.10911 0.00000 -0.10911 -0.10911
0.27394 0.00000 0.27394 0.27394
0.32159 0.00000 0.32159 0.32159
0.89605 0.00000 0.89605 0.89605
-0.19227 0.00000 -0.19227 -0.19227
