# avg	std	min	max
0.86845 0.00000 0.86845 0.86845
0.08481 0.00000 0.08481 0.08481
1.19406 0.00000 1.19406 1.19406
-0.51526 0.00000 -0.51526 -0.51526
0.99801 0.00000 0.99801 0.99801
-0.93079 0.00000 -0.93079 -0.93079
0.58923 0.00000 0.58923 0.58923
1.66384 0.00000 1.66384 1.66384
-1.05000 0.00000 -1.05000 -1.05000
0.96595 0.00000 0.96595 0.96595
1.14594 0.00000 1.14594 1.14594
0.44954 0.00000 0.44954 0.44954
0.39169 0.00000 0.39169 0.39169
-0.04590 0.00000 -0.04590 -0.04590
-0.01191 0.00000 -0.01191 -0.01191
0.86108 0.00000 0.86108 0.86108
-0.10387 0.00000 -0.10387 -0.10387
-0.20309 0.00000 -0.20309 -0.20309
-0.19478 0.00000 -0.19478 -0.19478
0.06178 0.00000 0.06178 0.06178
0.43231 0.00000 0.43231 0.43231
0.47851 0.00000 0.47851 0.47851
0.54625 0.00000 0.54625 0.54625
