# avg	std	min	max
1.02719 0.00000 1.02719 1.02719
0.32636 0.00000 0.32636 0.32636
0.53847 0.00000 0.53847 0.53847
-0.04990 0.00000 -0.04990 -0.04990
0.05277 0.00000 0.05277 0.05277
-0.15074 0.00000 -0.15074 -0.15074
-0.15300 0.00000 -0.15300 -0.15300
-0.19300 0.00000 -0.19300 -0.19300
2.19220 0.00000 2.19220 2.19220
0.29564 0.00000 0.29564 0.29564
0.66699 0.00000 0.66699 0.66699
0.91529 0.00000 0.91529 0.91529
-0.06386 0.00000 -0.06386 -0.06386
0.59625 0.00000 0.59625 0.59625
0.00028 0.00000 0.00028 0.00028
0.46680 0.00000 0.46680 0.46680
0.09690 0.00000 0.09690 0.09690
0.29532 0.00000 0.29532 0.29532
0.26293 0.00000 0.26293 0.26293
0.69725 0.00000 0.69725 0.69725
0.42456 0.00000 0.42456 0.42456
0.36737 0.00000 0.36737 0.36737
-0.80479 0.00000 -0.80479 -0.80479
