# avg	std	min	max
1.21927 0.00000 1.21927 1.21927
0.34750 0.00000 0.34750 0.34750
0.42144 0.00000 0.42144 0.42144
-0.16373 0.00000 -0.16373 -0.16373
-0.30872 0.00000 -0.30872 -0.30872
-0.39484 0.00000 -0.39484 -0.39484
0.11993 0.00000 0.11993 0.11993
-0.07902 0.00000 -0.07902 -0.07902
3.63897 0.00000 3.63897 3.63897
0.78056 0.00000 0.78056 0.78056
0.76180 0.00000 0.76180 0.76180
0.74860 0.00000 0.74860 0.74860
-0.19231 0.00000 -0.19231 -0.19231
0.57411 0.00000 0.57411 0.57411
-0.02030 0.00000 -0.02030 -0.02030
0.59674 0.00000 0.59674 0.59674
0.05310 0.00000 0.05310 0.05310
0.16062 0.00000 0.16062 0.16062
0.44161 0.00000 0.44161 0.44161
0.60403 0.00000 0.60403 0.60403
0.57573 0.00000 0.57573 0.57573
0.52333 0.00000 0.52333 0.52333
-0.75579 0.00000 -0.75579 -0.75579
