# avg	std	min	max
1.69819 0.00000 1.69819 1.69819
-0.06238 0.00000 -0.06238 -0.06238
1.53094 0.00000 1.53094 1.53094
-1.48307 0.00000 -1.48307 -1.48307
1.21588 0.00000 1.21588 1.21588
-1.59896 0.00000 -1.59896 -1.59896
-0.42079 0.00000 -0.42079 -0.42079
0.05287 0.00000 0.05287 0.05287
3.62146 0.00000 3.62146 3.62146
0.36028 0.00000 0.36028 0.36028
1.26622 0.00000 1.26622 1.26622
-0.37710 0.00000 -0.37710 -0.37710
-0.36769 0.00000 -0.36769 -0.36769
-0.22993 0.00000 -0.22993 -0.22993
-0.66534 0.00000 -0.66534 -0.66534
0.67439 0.00000 0.67439 0.67439
0.15627 0.00000 0.15627 0.15627
-0.63438 0.00000 -0.63438 -0.63438
-0.02469 0.00000 -0.02469 -0.02469
-0.25550 0.00000 -0.25550 -0.25550
2.02662 0.00000 2.02662 2.02662
3.32150 0.00000 3.32150 3.32150
0.03722 0.00000 0.03722 0.03722
