# avg	std	min	max
2.21100 0.00000 2.21100 2.21100
1.29972 0.00000 1.29972 1.29972
-0.16652 0.00000 -0.16652 -0.16652
-1.02642 0.00000 -1.02642 -1.02642
-0.35284 0.00000 -0.35284 -0.35284
-0.34038 0.00000 -0.34038 -0.34038
-0.12390 0.00000 -0.12390 -0.12390
1.90251 0.00000 1.90251 1.90251
1.15391 0.00000 1.15391 1.15391
1.64807 0.00000 1.64807 1.64807
0.00330 0.00000 0.00330 0.00330
0.79047 0.00000 0.79047 0.79047
-0.06795 0.00000 -0.06795 -0.06795
0.45611 0.00000 0.45611 0.45611
1.19567 0.00000 1.19567 1.19567
1.51003 0.00000 1.51003 1.51003
1.02122 0.00000 1.02122 1.02122
0.74410 0.00000 0.74410 0.74410
1.47942 0.00000 1.47942 1.47942
2.21352 0.00000 2.21352 2.21352
2.71739 0.00000 2.71739 2.71739
2.76592 0.00000 2.76592 2.76592
0.07587 0.00000 0.07587 0.07587
