# avg	std	min	max
0.94053 0.00000 0.94053 0.94053
0.07471 0.00000 0.07471 0.07471
0.68815 0.00000 0.68815 0.68815
-0.05465 0.00000 -0.05465 -0.05465
0.49599 0.00000 0.49599 0.49599
-0.23685 0.00000 -0.23685 -0.23685
-0.16554 0.00000 -0.16554 -0.16554
-0.01823 0.00000 -0.01823 -0.01823
3.26738 0.00000 3.26738 3.26738
0.06783 0.00000 0.06783 0.06783
0.80366 0.00000 0.80366 0.80366
-0.08543 0.00000 -0.08543 -0.08543
-0.09557 0.00000 -0.09557 -0.09557
-0.02382 0.00000 -0.02382 -0.02382
0.02157 0.00000 0.02157 0.02157
-0.35342 0.00000 -0.35342 -0.35342
-0.03274 0.00000 -0.03274 -0.03274
0.09006 0.00000 0.09006 0.09006
-0.08335 0.00000 -0.08335 -0.08335
-0.10355 0.00000 -0.10355 -0.10355
-0.45482 0.00000 -0.45482 -0.45482
0.03997 0.00000 0.03997 0.03997
-1.07506 0.00000 -1.07506 -1.07506
