# avg	std	min	max
0.68830 0.00033 0.68765 0.68849
0.00000 0.00000 0.00000 0.00000
-1.24224 0.19651 -1.45995 -0.99865
-1.43396 0.01952 -1.46588 -1.41250
-1.05569 0.48742 -2.02713 -0.77192
-1.41004 0.03958 -1.46843 -1.34677
-1.13149 0.02482 -1.17707 -1.10396
-0.84210 0.01305 -0.86140 -0.82477
0.74946 0.27613 0.55587 1.29713
-0.05790 0.02851 -0.08632 -0.00756
-0.44339 0.02525 -0.47132 -0.40325
-0.28161 0.01910 -0.31557 -0.26633
-0.86934 0.02142 -0.90673 -0.85219
-0.45017 0.34243 -1.13310 -0.25408
-0.82901 0.00419 -0.83310 -0.82105
0.84772 0.00659 0.83931 0.85851
-0.16908 0.02026 -0.20946 -0.15701
-1.26194 0.02289 -1.28554 -1.22114
-0.98899 0.04787 -1.07214 -0.93638
-0.02917 0.02412 -0.05268 0.00646
0.74378 0.04644 0.68910 0.80489
1.46877 0.28689 1.24647 2.01494
-0.85852 0.04830 -0.93546 -0.79124
