# avg	std	min	max
0.64801 0.13693 0.52980 0.90734
-0.44569 0.00681 -0.45192 -0.43250
-0.33521 0.00782 -0.34374 -0.32489
0.65865 0.68479 0.17186 1.99103
0.78693 0.14685 0.65021 1.03076
0.14563 0.10952 -0.00530 0.30441
7.40086 0.13891 7.24673 7.64796
6.88612 0.44431 6.19250 7.38616
4.49165 0.02832 4.46722 4.54507
1.34952 0.04398 1.26257 1.38389
1.24798 0.03206 1.23031 1.31208
-0.00576 0.00544 -0.01613 -0.00000
7.56742 0.31111 7.15135 8.09147
1.48176 0.01456 1.46691 1.50354
2.49678 0.89270 1.35701 3.68213
3.42419 0.07593 3.37365 3.57390
2.99453 1.08854 1.43449 3.94036
2.96843 0.13496 2.83479 3.19077
2.69083 0.55993 2.15215 3.59135
6.50736 0.31801 6.15955 6.97887
5.63515 0.68171 4.48148 6.57357
4.33049 1.04423 3.40869 6.18667
6.86215 1.31388 4.42314 8.41654
