# avg	std	min	max
0.43224 0.06701 0.35486 0.53529
-0.09831 0.01173 -0.11568 -0.07999
0.10627 0.03708 0.07678 0.17088
-1.23806 0.05662 -1.32528 -1.16467
0.05345 0.21866 -0.20482 0.42781
-0.99868 0.03690 -1.03470 -0.93001
-0.55325 0.38653 -1.18263 -0.14837
-0.62299 0.06719 -0.72194 -0.52438
0.37751 0.06120 0.29980 0.45456
0.27349 0.09799 0.10275 0.38634
1.34382 0.13429 1.07618 1.43250
-0.14448 0.08903 -0.31419 -0.05569
-0.30491 0.17046 -0.51063 -0.12497
0.08935 0.05317 0.02126 0.18489
-0.06914 0.12069 -0.27333 0.03767
0.00080 0.00161 -0.00000 0.00402
-0.22421 0.06545 -0.30175 -0.13854
-0.47132 0.09693 -0.55700 -0.32121
0.18694 0.06677 0.08789 0.28582
0.49433 0.01905 0.47010 0.52141
0.24390 0.02700 0.19304 0.27400
0.17269 0.30135 -0.17993 0.72114
-0.53605 0.02151 -0.57087 -0.51150
