# avg	std	min	max
0.68015 0.00105 0.67844 0.68116
0.46201 0.00075 0.46111 0.46330
0.85599 0.00101 0.85494 0.85723
0.55661 0.01005 0.54500 0.57051
0.74854 0.00383 0.74206 0.75259
0.75830 0.02753 0.70485 0.78379
0.57303 0.02444 0.52436 0.58828
0.68020 0.04948 0.65053 0.77836
0.77182 0.05535 0.71762 0.87549
0.64203 0.00273 0.63791 0.64641
0.76253 0.00319 0.75986 0.76838
0.62728 0.00085 0.62590 0.62838
0.62931 0.00439 0.62108 0.63433
0.73173 0.00496 0.72436 0.73712
0.32808 0.05589 0.24216 0.41598
0.60500 0.00225 0.60229 0.60902
-0.02743 0.02022 -0.05215 0.00434
0.52554 0.01116 0.50706 0.53873
0.56545 0.00473 0.55992 0.57175
0.83442 0.00148 0.83288 0.83693
0.69496 0.00128 0.69351 0.69733
0.92096 0.01806 0.89188 0.94293
0.38714 0.07138 0.24589 0.43984
