# avg	std	min	max
-0.10888 0.00000 -0.10888 -0.10888
0.02071 0.00000 0.02071 0.02071
0.93849 0.04588 0.84958 0.96853
-0.02715 0.00021 -0.02736 -0.02681
2.69362 0.05591 2.59408 2.75171
-0.26475 0.04359 -0.31193 -0.19023
0.46417 0.24040 0.10272 0.68392
-0.13564 0.00030 -0.13591 -0.13510
4.26669 0.14112 4.02747 4.41177
-0.46527 0.00018 -0.46552 -0.46507
0.50009 0.04852 0.44053 0.54005
-0.33229 0.01959 -0.37097 -0.31670
0.53027 0.24764 0.10628 0.73834
0.05092 0.03278 0.02221 0.11348
0.02863 0.04190 -0.01558 0.08419
0.67524 0.00180 0.67383 0.67877
0.00429 0.00600 -0.00143 0.01350
-0.36672 0.06833 -0.42672 -0.26771
-0.37925 0.18340 -0.64869 -0.19741
-0.13808 0.01153 -0.15614 -0.12556
0.04761 0.00638 0.03867 0.05521
0.38379 0.00022 0.38346 0.38410
0.44316 0.15948 0.23215 0.58741
