# avg	std	min	max
0.30648 0.05600 0.19665 0.34784
0.41154 0.00581 0.40428 0.42059
1.12956 0.00142 1.12729 1.13172
0.31035 0.03928 0.24186 0.34819
1.09461 0.31580 0.67944 1.53506
0.74422 0.01732 0.71847 0.76951
0.44083 0.06493 0.36102 0.51935
0.91243 0.00327 0.90805 0.91746
3.35365 0.18757 3.17872 3.69820
0.27784 0.09346 0.09184 0.34221
0.72140 0.06397 0.65683 0.79936
0.61426 0.05235 0.51696 0.66357
0.50871 0.03088 0.48227 0.55904
0.22544 0.09787 0.03462 0.31471
0.08579 0.10481 -0.07441 0.20924
0.16995 0.02247 0.13713 0.19382
0.00000 0.00000 0.00000 0.00000
0.03830 0.05998 -0.05767 0.11297
-0.19812 0.40188 -0.91913 0.31733
0.63594 0.14929 0.35568 0.78168
0.21975 0.14691 0.07768 0.48685
1.51496 0.28768 1.12349 1.97379
0.47949 0.01750 0.44870 0.49836
