# avg	std	min	max
-1.83931 0.04701 -1.93053 -1.79450
0.36276 0.03287 0.32038 0.41621
3.11109 0.09619 3.00271 3.25950
-0.60630 0.03468 -0.64353 -0.54321
2.68329 0.18835 2.35093 2.83313
-0.63414 0.11269 -0.76513 -0.48610
-0.69343 0.01576 -0.71282 -0.67234
-0.73611 0.08673 -0.86309 -0.63822
4.68659 0.10455 4.54824 4.81002
-0.71716 0.02689 -0.74060 -0.66745
1.96594 0.19735 1.78903 2.32398
-0.17149 0.17169 -0.42175 0.11639
-0.51248 0.13839 -0.60228 -0.23828
-0.66628 0.44493 -1.46203 -0.28834
-0.60512 0.08487 -0.70587 -0.46965
0.08825 0.02169 0.06811 0.12592
-0.00372 0.00000 -0.00372 -0.00372
-0.60790 0.17296 -0.71361 -0.26417
-0.80483 0.27687 -1.04545 -0.27116
-0.26400 0.09822 -0.32572 -0.06811
0.24504 0.10324 0.07107 0.36688
1.32602 0.00486 1.31708 1.33012
-0.45780 0.06872 -0.51959 -0.36237
