# avg	std	min	max
5.41866 0.02396 5.39036 5.45181
4.13715 0.01512 4.11152 4.15528
2.68132 0.02500 2.65175 2.72506
1.99365 0.03103 1.95730 2.03928
2.08548 0.02865 2.05232 2.13081
1.32478 0.09656 1.19940 1.45046
-0.05739 0.02441 -0.08598 -0.02401
3.22883 0.30432 3.04052 3.83381
7.35960 0.03576 7.30921 7.41757
4.81178 0.02205 4.77775 4.83870
4.28840 0.00800 4.27246 4.29330
3.81486 0.03206 3.77212 3.85530
1.22679 0.02270 1.20039 1.25290
4.53197 0.07236 4.44880 4.61815
3.71841 0.01802 3.68989 3.74326
5.01064 0.01432 4.98637 5.02574
4.00944 0.09495 3.85993 4.15111
3.03840 0.18901 2.81310 3.36622
3.39124 0.42856 2.92125 3.94240
3.44597 0.01941 3.42256 3.47384
4.97701 0.03486 4.91893 5.02360
6.25804 0.07088 6.19184 6.38311
1.57572 0.15072 1.37663 1.76248
