# avg	std	min	max
0.00000 0.00000 0.00000 0.00000
3.48198 0.00234 3.47979 3.48620
4.38581 0.00064 4.38510 4.38672
3.56544 0.01749 3.54452 3.58554
4.37533 0.00040 4.37505 4.37612
3.48576 0.00080 3.48480 3.48702
3.43221 0.00317 3.42623 3.43564
3.48941 0.02439 3.44457 3.51342
7.46245 0.04810 7.40599 7.52946
3.59743 0.01926 3.58148 3.62143
4.38126 0.00359 4.37728 4.38705
3.20303 0.00021 3.20271 3.20335
3.51032 0.01790 3.47474 3.52217
3.20951 0.00546 3.20367 3.21695
3.35147 0.17761 3.11911 3.56526
3.62569 0.00129 3.62377 3.62695
3.66085 0.04392 3.62133 3.71644
3.45046 0.05049 3.35856 3.50306
3.28615 0.00276 3.28158 3.28951
3.60880 0.05358 3.55646 3.70137
3.70861 0.00462 3.70203 3.71624
4.64296 0.11531 4.54354 4.82869
3.37163 0.01087 3.35214 3.38335
