# avg	std	min	max
4.90413 0.00650 4.89249 4.90951
4.00229 0.00912 3.99323 4.01940
3.06271 0.00754 3.05522 3.07629
-0.00490 0.00276 -0.00783 -0.00000
1.89304 0.00478 1.88550 1.89966
0.35662 0.03734 0.30408 0.40222
3.89967 0.84996 2.33997 4.89033
12.52816 1.37584 11.31210 15.14880
7.03146 0.01487 7.02088 7.06097
4.33575 0.22342 4.06192 4.55136
3.46778 0.03222 3.41014 3.50070
3.50215 0.00695 3.49181 3.51169
7.74302 1.17875 5.86325 9.06203
2.65184 0.01187 2.63275 2.66436
4.39637 0.15188 4.24835 4.61727
4.39181 0.01922 4.37308 4.42141
5.35156 0.08988 5.25300 5.51810
5.39241 0.57640 4.74966 6.31430
8.90073 0.86942 7.42518 9.82604
4.90145 0.42658 4.14574 5.25745
9.08044 0.04704 9.01284 9.15918
9.62735 0.15168 9.46612 9.91069
25.84978 4.32829 19.88170 32.35990
