# avg	std	min	max
2.67577 0.02196 2.65164 2.71405
1.44644 0.02935 1.40121 1.48382
1.39692 0.05878 1.32262 1.46661
-0.05274 0.04028 -0.12432 0.00000
0.04811 0.05747 -0.02574 0.14144
-0.15394 0.03233 -0.18978 -0.09388
0.03328 0.23476 -0.16912 0.33508
-0.35780 0.04391 -0.43166 -0.29705
5.33831 0.01751 5.30368 5.35152
2.22323 0.04882 2.15927 2.29847
1.83943 0.06842 1.77217 1.93039
1.55919 0.02310 1.52471 1.59351
0.13219 0.06213 0.06425 0.23762
1.98900 0.04146 1.92583 2.03821
1.14335 0.03392 1.07840 1.17671
2.57122 0.03296 2.53320 2.60947
2.06607 0.09795 1.87607 2.15485
0.59825 0.04046 0.53726 0.64875
0.63215 0.14963 0.33447 0.73514
1.78351 0.06439 1.68908 1.86905
3.57752 0.04976 3.48604 3.61710
3.27869 0.05481 3.20011 3.35490
0.71775 0.09174 0.59872 0.87183
