# avg	std	min	max
-0.09557 0.03283 -0.15553 -0.06685
-0.09683 0.02292 -0.14254 -0.08298
1.01487 0.00188 1.01275 1.01775
0.23248 0.04002 0.15439 0.26180
0.95780 0.00218 0.95634 0.96210
0.28472 0.00980 0.27080 0.29906
-0.09887 0.00862 -0.11501 -0.08904
0.08341 0.00235 0.08117 0.08792
0.77481 0.03640 0.74790 0.84388
-0.16324 0.04776 -0.20094 -0.07042
0.41949 0.00582 0.41424 0.42855
0.23679 0.05417 0.12846 0.26405
-0.00929 0.01563 -0.03278 0.00736
-0.00000 0.00000 -0.00000 -0.00000
-0.00150 0.10801 -0.14306 0.14293
-0.10548 0.00275 -0.10904 -0.10311
-0.21614 0.03428 -0.27189 -0.16787
-0.08406 0.00737 -0.09642 -0.07665
-0.32373 0.13273 -0.49152 -0.12006
0.19573 0.01952 0.17898 0.23325
0.07241 0.08647 -0.02299 0.21453
1.80659 0.29495 1.48157 2.29071
-0.08000 0.01079 -0.10127 -0.07232
