# avg	std	min	max
0.85260 0.14249 0.73875 1.12615
0.18129 0.02526 0.14725 0.22154
-0.10058 0.00840 -0.11249 -0.08990
-0.98116 0.11276 -1.08455 -0.79498
-0.76266 0.13719 -0.87100 -0.49176
-1.33706 0.04247 -1.38714 -1.27088
0.23350 0.02886 0.19072 0.27990
0.17466 0.13429 0.02719 0.33074
-0.93898 0.10543 -1.03337 -0.73960
0.58284 0.08110 0.49585 0.73094
0.30070 0.14015 0.21572 0.57992
0.23857 0.04087 0.15683 0.25929
0.26199 0.17497 0.09745 0.58513
0.52415 0.09468 0.36022 0.61409
-0.01188 0.01995 -0.03257 0.02391
0.58351 0.07070 0.51429 0.71535
0.10603 0.03406 0.07651 0.14817
-0.45681 0.12005 -0.64296 -0.27092
-0.21543 0.06256 -0.33665 -0.16526
0.22796 0.16983 0.00161 0.44098
0.57532 0.05612 0.46603 0.62110
0.18528 0.05875 0.10026 0.24524
0.12185 0.01912 0.08459 0.13759
