# avg	std	min	max
0.85631 0.01916 0.82658 0.88514
0.80679 0.01981 0.79128 0.83892
0.90961 0.16697 0.66957 1.04462
-1.21281 0.01326 -1.22501 -1.19123
0.19009 0.03000 0.14666 0.23152
-1.14577 0.05633 -1.24873 -1.08478
0.12376 0.47400 -0.32634 1.04248
2.58970 0.84660 1.17204 3.71279
2.77652 0.02108 2.74339 2.80268
1.26494 0.24904 0.94445 1.47711
0.02753 0.00597 0.02136 0.03826
-0.45149 0.01928 -0.46244 -0.41295
1.89068 1.12047 0.74482 4.03015
-0.06407 0.00395 -0.06681 -0.05642
-0.05342 0.00000 -0.05342 -0.05342
2.43965 0.00355 2.43416 2.44492
1.95825 0.01363 1.94088 1.97908
-0.99451 0.11867 -1.17067 -0.82274
-0.29144 0.17241 -0.49510 0.01989
0.35862 0.35982 -0.30630 0.65138
4.25830 0.08885 4.10206 4.35294
6.23707 0.06866 6.12875 6.29450
4.88497 0.35664 4.30001 5.32736
