# avg	std	min	max
0.67256 0.04265 0.62164 0.71530
0.29965 0.00564 0.29684 0.31093
1.33114 0.00233 1.32768 1.33424
-0.21753 0.06783 -0.35160 -0.17398
0.70583 0.02430 0.68751 0.75064
-0.25890 0.17426 -0.60376 -0.12727
0.42219 0.02248 0.39172 0.45096
0.78787 0.08112 0.68725 0.85702
2.27420 0.21971 2.01869 2.59162
0.01576 0.00014 0.01564 0.01602
0.50896 0.00642 0.50160 0.51933
0.13095 0.26731 -0.40320 0.28630
0.48661 0.00919 0.47745 0.50411
0.45037 0.09045 0.39842 0.63085
-0.00788 0.01262 -0.02164 0.01278
0.70439 0.02849 0.67124 0.74760
-0.06543 0.06750 -0.15922 -0.00240
-0.01913 0.05078 -0.10536 0.03782
0.11587 0.10303 0.01004 0.24130
0.93250 0.00895 0.92578 0.94943
-0.28536 0.01979 -0.32065 -0.26612
0.65289 0.02020 0.61870 0.68142
0.34703 0.02512 0.31263 0.37345
