# avg	std	min	max
1.10923 0.02703 1.06836 1.14353
0.15884 0.01363 0.14099 0.18318
0.91900 0.02244 0.89130 0.95349
0.07403 0.02878 0.04104 0.11642
0.54361 0.01465 0.52238 0.56466
0.01585 0.04741 -0.04023 0.09731
0.00441 0.04432 -0.06882 0.07057
0.38578 0.02582 0.34237 0.41680
2.04814 0.13994 1.85648 2.28464
0.04277 0.02423 0.01213 0.08520
-0.48222 0.03130 -0.52200 -0.43116
0.47206 0.12478 0.40098 0.72124
0.23999 0.03502 0.18861 0.28016
0.23758 0.02016 0.21984 0.27503
-0.02897 0.01972 -0.05007 -0.00270
-0.27145 0.01792 -0.29072 -0.24249
0.08068 0.03866 0.03975 0.14173
-0.37780 0.06601 -0.45413 -0.26921
-0.18565 0.11306 -0.29560 0.03114
0.69743 0.01524 0.67648 0.72326
0.40110 0.05938 0.33784 0.50796
1.65785 0.15304 1.43732 1.81365
0.18339 0.04366 0.12268 0.22746
