# avg	std	min	max
2.06421 0.00003 2.06420 2.06427
1.02206 0.00982 1.01715 1.04171
1.30653 0.00093 1.30590 1.30837
0.31680 0.03199 0.28148 0.35616
0.28377 0.00971 0.27812 0.30312
-0.26484 0.02783 -0.29433 -0.21372
0.36114 0.01270 0.34410 0.38261
0.63420 0.02110 0.61362 0.67499
3.40949 0.16407 3.17375 3.58428
1.20113 0.01181 1.18908 1.22152
0.96006 0.00636 0.95218 0.96594
1.60607 0.01279 1.59586 1.62582
0.36938 0.01266 0.35897 0.39344
0.84486 0.02199 0.82834 0.88360
0.70309 0.02119 0.67788 0.73114
1.79249 0.01515 1.76799 1.81311
1.09630 0.02456 1.06959 1.13654
0.21756 0.02104 0.18863 0.24879
-0.00907 0.00000 -0.00907 -0.00907
0.76565 0.01247 0.75021 0.77596
1.86028 0.02046 1.82876 1.88999
2.00600 0.01078 1.99145 2.01681
0.08217 0.06110 -0.03299 0.13959
