# avg	std	min	max
0.48894 0.03316 0.42926 0.52939
-0.26541 0.02465 -0.30935 -0.23712
0.48591 0.03434 0.43110 0.52181
-0.30532 0.09315 -0.40006 -0.13196
0.30470 0.02482 0.26965 0.32897
0.10072 0.08325 0.01495 0.23789
0.21226 0.05785 0.13675 0.29385
0.59050 0.06497 0.48794 0.68861
-0.40557 0.10311 -0.48465 -0.20428
-0.00150 0.00168 -0.00374 0.00000
0.73192 0.00670 0.72364 0.73823
0.38746 0.02181 0.35061 0.41430
0.28171 0.01434 0.25602 0.29560
0.51174 0.11982 0.31195 0.68873
0.39666 0.04118 0.34653 0.46279
0.24014 0.12967 0.03542 0.43202
0.21643 0.02111 0.19453 0.24839
0.18257 0.02157 0.15789 0.21694
0.24770 0.02136 0.22280 0.27590
0.72404 0.06138 0.62628 0.81625
0.64255 0.07926 0.48618 0.69883
1.29560 0.06344 1.21973 1.36380
0.04736 0.05868 -0.04362 0.10411
