# avg	std	min	max
-0.41297 0.00314 -0.41839 -0.40999
-0.40714 0.00009 -0.40724 -0.40700
-0.09000 0.02582 -0.13159 -0.06623
-0.58397 0.00592 -0.59131 -0.57746
-0.11616 0.02541 -0.16699 -0.10301
-0.49383 0.02051 -0.52855 -0.47206
-0.46940 0.02225 -0.49964 -0.44119
-0.27962 0.09244 -0.46250 -0.21757
-0.37705 0.21401 -0.69796 -0.12913
-0.42725 0.00281 -0.43080 -0.42437
-0.00010 0.00008 -0.00024 0.00001
-0.61093 0.03021 -0.63830 -0.55871
-0.45532 0.02904 -0.50001 -0.42113
-0.92132 0.03264 -0.96571 -0.87403
-0.86018 0.12874 -1.11726 -0.78568
-0.39188 0.00338 -0.39863 -0.39012
-0.87685 0.00556 -0.88530 -0.86991
-0.41325 0.01600 -0.43658 -0.39281
-0.42924 0.15651 -0.73651 -0.32653
-0.16179 0.01491 -0.17632 -0.14332
-0.80465 0.03093 -0.84988 -0.76248
-0.06051 0.06263 -0.17380 0.01926
-0.59541 0.01205 -0.61438 -0.58076
