# avg	std	min	max
0.80166 0.00705 0.79366 0.81390
-0.03461 0.00740 -0.04939 -0.03042
-0.45211 0.01292 -0.46676 -0.43193
-1.11253 0.01347 -1.13824 -1.10108
-0.63934 0.02112 -0.67013 -0.61674
-0.73685 0.08223 -0.89489 -0.66383
-0.53233 0.14849 -0.72877 -0.35630
0.17090 0.15166 -0.02056 0.42162
0.06833 0.05235 0.01180 0.16114
0.74405 0.00588 0.73887 0.75537
0.00005 0.00007 -0.00007 0.00013
0.09302 0.00078 0.09193 0.09425
-0.68367 0.04707 -0.73946 -0.61287
0.92261 0.12169 0.68114 1.00759
-0.15962 0.01663 -0.18733 -0.13728
1.83471 0.18117 1.47279 1.93300
0.70821 0.03654 0.65247 0.76650
-0.89308 0.04894 -0.96429 -0.82415
-0.40735 0.13186 -0.66744 -0.30390
0.67135 0.13178 0.45251 0.81138
2.37218 0.04704 2.27946 2.40139
1.83146 0.14923 1.57973 1.96268
-0.99175 0.14703 -1.20228 -0.77188
