# avg	std	min	max
1.76799 0.31258 1.26644 2.18011
0.78361 0.06305 0.70335 0.86283
-0.00059 0.00088 -0.00174 0.00056
-0.80423 0.19132 -1.17813 -0.63678
-0.32628 0.01525 -0.35221 -0.31036
-0.77379 0.10664 -0.98161 -0.69504
-0.50138 0.20253 -0.73630 -0.16065
0.64402 0.12443 0.54075 0.85524
2.31888 0.20973 2.12466 2.71222
0.90152 0.22520 0.69547 1.22061
0.51708 0.03608 0.46564 0.56276
0.45650 0.00109 0.45464 0.45762
-0.21445 0.21463 -0.41107 0.14624
0.91470 0.26572 0.42546 1.11043
-0.03093 0.11346 -0.22543 0.10473
0.61992 0.07338 0.50776 0.71251
0.75368 0.17491 0.52416 0.98235
-0.44215 0.17262 -0.66196 -0.13715
-0.55956 0.37848 -1.06980 -0.01325
0.55697 0.01123 0.53800 0.56852
1.47488 0.26112 1.21998 1.90149
0.58997 0.08715 0.43755 0.69159
-0.40690 0.12459 -0.58864 -0.23250
