# avg	std	min	max
5.24777 0.00764 5.23427 5.25608
3.39078 0.00256 3.38574 3.39293
-0.00091 0.00089 -0.00259 0.00000
0.64605 0.05745 0.59849 0.75253
0.80906 0.03107 0.76184 0.84970
0.21479 0.00928 0.20060 0.22573
11.25826 1.26218 9.43080 12.63570
12.08952 2.32785 8.63064 14.18590
6.78799 0.08869 6.69842 6.95539
4.60687 0.00146 4.60416 4.60809
2.61415 0.00437 2.60763 2.61933
2.46440 0.00236 2.46022 2.46630
13.47302 2.35551 11.32760 17.92230
2.38209 0.17830 2.26882 2.73776
2.98383 0.48882 2.65992 3.95463
4.04190 0.04372 3.99860 4.09957
3.82661 0.25132 3.54611 4.24315
4.22371 0.42385 3.43769 4.63004
1.34852 0.06409 1.25040 1.45248
9.79735 1.30136 7.22795 10.67980
9.06007 0.03022 9.02531 9.11595
8.52631 0.49099 7.63338 8.99270
22.43844 3.47289 16.51430 27.32890
