SA5A	-0.073	0.000	-0.073	-0.073	11
SA5C	-0.080	0.000	-0.080	-0.080	10
SA5D	-0.063	0.000	-0.063	-0.063	13
SA5E	-0.090	0.000	-0.090	-0.090	7
SA5F	-0.063	0.000	-0.063	-0.063	14
SA5G	-0.150	0.000	-0.150	-0.150	4
SA5H	-0.012	0.000	-0.012	-0.012	17
SA5I	0.094	0.000	0.094	0.094	21
SA5K	-0.088	0.000	-0.088	-0.088	9
SA5L	0.039	0.000	0.039	0.039	19
SA5M	-0.089	0.000	-0.089	-0.089	8
SA5N	-0.044	0.000	-0.044	-0.044	15
SA5P	-0.134	0.000	-0.134	-0.134	5
SA5Q	-0.104	0.000	-0.104	-0.104	6
SA5R	-0.292	0.000	-0.292	-0.292	1
SA5T	-0.019	0.000	-0.019	-0.019	16
SA5V	0.077	0.000	0.077	0.077	20
SA5W	-0.184	0.000	-0.184	-0.184	3
SA5Y	-0.070	0.000	-0.070	-0.070	12
SA5s	0.114	0.000	0.114	0.114	23
