# avg	std	min	max
0.58138 0.01134 0.56556 0.59537
-0.58964 0.01515 -0.61204 -0.57208
0.38795 0.38857 -0.10236 0.83864
-0.68213 0.25096 -1.02017 -0.24369
-0.63599 0.03543 -0.68142 -0.58877
-1.30926 0.03368 -1.36597 -1.26773
-0.34485 0.27415 -0.77803 0.06599
1.14149 2.01056 -0.23014 4.97223
2.76064 0.05728 2.70115 2.85660
-0.26101 0.00972 -0.27289 -0.25075
0.47533 0.00768 0.46799 0.48719
-0.00000 0.00018 -0.00032 0.00023
-0.03001 0.21147 -0.31909 0.21071
-0.93745 0.04104 -0.99359 -0.87654
-0.39335 0.02251 -0.42945 -0.36768
-0.61268 0.14408 -0.86584 -0.47650
-0.60901 0.01459 -0.62351 -0.58617
0.26809 0.14532 0.16305 0.55288
0.75571 0.11836 0.54757 0.90894
1.09500 0.10954 0.97954 1.25624
0.09170 0.18824 -0.22894 0.34100
2.06007 0.19880 1.70991 2.27506
-0.08556 0.15218 -0.25770 0.11790
