# avg	std	min	max
1.29547 0.04804 1.20444 1.34114
-0.06497 0.05218 -0.15273 -0.01522
-0.03932 0.01585 -0.05229 -0.01832
-0.64043 0.11740 -0.79650 -0.47487
-0.52696 0.01274 -0.54002 -0.50548
-0.80411 0.05466 -0.86630 -0.71156
-0.73591 0.05049 -0.78277 -0.67142
-0.14147 0.01778 -0.16935 -0.12167
1.29956 0.09609 1.13132 1.41843
0.80507 0.09488 0.72719 0.98265
0.62920 0.00180 0.62763 0.63207
0.57998 0.01769 0.56443 0.60476
-0.61962 0.03295 -0.66494 -0.57237
-0.21236 0.03757 -0.27918 -0.17331
0.02131 0.22970 -0.26100 0.27142
0.85241 0.01503 0.83788 0.88085
-0.01991 0.00754 -0.02368 -0.00483
-0.04386 0.05871 -0.14403 0.02889
0.04849 0.07175 -0.06620 0.13176
0.24585 0.02026 0.21779 0.27222
1.10423 0.12407 0.99873 1.29485
1.43932 0.17197 1.22140 1.69385
-0.54689 0.33389 -1.00751 -0.26818
