# avg	std	min	max
4.16643 0.03010 4.12394 4.19696
3.53666 0.01225 3.51679 3.55355
1.22357 0.00874 1.21072 1.23805
1.60798 0.01743 1.59240 1.63992
-0.00584 0.00481 -0.01266 -0.00062
1.36800 0.78269 0.33205 2.30852
11.54296 1.82892 9.51977 13.80870
16.81578 0.81471 15.50820 17.79720
6.12794 0.05294 6.06109 6.18372
4.14013 0.01287 4.11950 4.15607
3.36097 0.01405 3.34533 3.38696
3.03743 0.02117 3.00762 3.06974
16.16576 0.67818 15.19850 16.83310
4.19956 0.03690 4.15777 4.26799
3.59382 0.02019 3.57846 3.63101
5.72974 0.00969 5.71331 5.73923
4.80997 0.02208 4.78415 4.84381
4.30862 0.98515 2.75787 5.76256
4.27045 0.19153 4.01500 4.59408
10.23478 0.90717 9.21544 11.87100
8.79659 0.03764 8.75191 8.85600
8.22541 0.01471 8.21014 8.25192
21.55420 1.22847 19.56900 23.10140
