# avg	std	min	max
1.55281 0.00183 1.54956 1.55476
-0.03552 0.00470 -0.04486 -0.03244
0.32477 0.00217 0.32058 0.32625
-0.09584 0.02567 -0.14058 -0.07262
0.20704 0.01019 0.19032 0.21775
1.42137 0.11630 1.31364 1.64667
0.04934 0.04557 -0.03886 0.08846
1.76600 0.00125 1.76452 1.76775
-0.32594 0.00102 -0.32739 -0.32476
0.15748 0.00084 0.15657 0.15893
0.23880 0.00088 0.23779 0.24023
0.13235 0.00093 0.13125 0.13378
0.02531 0.03167 -0.00229 0.06588
-0.29595 0.00562 -0.30134 -0.28712
0.16322 0.00121 0.16194 0.16513
-0.39261 0.00403 -0.39870 -0.38609
0.00487 0.00120 0.00322 0.00632
0.00005 0.00061 -0.00049 0.00116
0.19549 0.00082 0.19416 0.19658
1.84649 0.00053 1.84559 1.84725
0.08372 0.00904 0.07172 0.09427
0.07938 0.00764 0.07000 0.08891
-0.21050 0.01404 -0.22484 -0.19025
