# avg	std	min	max
1.61310 0.00344 1.61102 1.61994
0.61339 0.01528 0.59755 0.63338
0.69503 0.01986 0.68279 0.73403
0.15410 0.01779 0.12491 0.17925
0.09009 0.01857 0.07671 0.12507
-0.07863 0.03483 -0.11754 -0.02074
0.19111 0.01361 0.16695 0.20661
0.14853 0.00783 0.13487 0.15505
2.21979 0.01281 2.20275 2.23846
0.65098 0.00170 0.64909 0.65311
0.44552 0.00907 0.44017 0.46364
1.14956 0.01956 1.13364 1.17915
0.23682 0.02369 0.19691 0.26417
1.00443 0.00658 1.00050 1.01753
0.12453 0.00992 0.11602 0.13821
1.36460 0.01796 1.35536 1.40051
0.73859 0.00873 0.73257 0.75526
-0.01981 0.02519 -0.06857 0.00251
-0.08318 0.12272 -0.23996 0.13123
0.71220 0.01485 0.70249 0.74160
1.37012 0.01837 1.35187 1.39387
1.31844 0.01680 1.30060 1.34926
0.27268 0.02389 0.23058 0.29988
