# avg	std	min	max
1.01832 0.03177 0.95656 1.04435
0.32656 0.01433 0.30528 0.34296
0.50790 0.02548 0.47290 0.53216
0.07352 0.02020 0.05088 0.10193
-0.09909 0.03897 -0.16226 -0.05062
-0.12430 0.02416 -0.16479 -0.10333
-0.12698 0.03660 -0.16869 -0.05966
-0.17185 0.03460 -0.23761 -0.13621
3.01439 0.02997 2.96451 3.05229
0.31368 0.02700 0.28515 0.36243
0.22986 0.03971 0.18480 0.29033
0.85815 0.04512 0.77493 0.91201
-0.00829 0.02395 -0.05116 0.02223
0.48481 0.02735 0.45245 0.53349
-0.00357 0.03504 -0.04790 0.05435
0.39836 0.03685 0.36461 0.46870
0.11638 0.01950 0.08528 0.14127
-0.02822 0.00000 -0.02822 -0.02822
0.20678 0.30419 -0.16630 0.50482
0.48379 0.03950 0.40649 0.51438
0.44863 0.00835 0.43396 0.45988
0.34182 0.03642 0.28998 0.37862
-0.74170 0.15694 -1.01149 -0.57810
