# avg	std	min	max
1.69325 0.01477 1.67012 1.71493
0.84719 0.07190 0.79141 0.98913
0.69089 0.05497 0.65816 0.80049
-0.00445 0.00553 -0.01492 -0.00011
0.13431 0.06773 0.08134 0.26821
0.20014 0.12695 0.07281 0.41347
0.20829 0.29613 -0.16869 0.68235
1.00733 0.10446 0.87651 1.16435
3.98737 0.05057 3.92907 4.07152
1.73784 0.09300 1.67362 1.92045
1.31925 0.03703 1.26735 1.38314
1.53206 0.07859 1.38994 1.62305
0.46327 0.04029 0.42599 0.51638
1.04744 0.09431 0.91078 1.13196
0.46760 0.08311 0.32867 0.57865
0.30311 0.04772 0.21866 0.35424
-0.43399 0.05409 -0.49707 -0.36876
0.95933 0.09227 0.82777 1.10705
1.41440 0.05492 1.34401 1.48625
1.37038 0.10474 1.25311 1.51230
-0.31785 0.12024 -0.46521 -0.16102
0.15446 0.03689 0.11377 0.20775
0.24277 0.20068 0.06527 0.61969
