# avg	std	min	max
4.37639 0.01748 4.35230 4.39602
3.01254 0.04872 2.95310 3.08943
1.62735 0.02690 1.59059 1.65179
-0.01224 0.00604 -0.02165 -0.00562
1.24644 0.00743 1.23304 1.25536
0.63225 0.07717 0.53455 0.72696
1.27213 0.14642 1.16946 1.56235
1.65791 0.33154 0.99816 1.86161
5.76803 0.30887 5.28833 6.15445
3.87244 0.04758 3.81665 3.95144
2.69852 0.05962 2.64273 2.80610
2.98904 0.02044 2.95112 3.01286
2.15825 0.23047 1.71505 2.34385
2.60153 0.04626 2.52990 2.66024
2.04319 0.02261 2.01525 2.06764
3.95362 0.02618 3.91601 3.98969
3.25142 0.06933 3.19025 3.38092
2.01825 0.11594 1.86887 2.18052
2.80053 0.24446 2.52825 3.19650
2.62137 0.01607 2.59619 2.64523
5.02367 0.09007 4.88642 5.16029
4.17561 0.04059 4.10156 4.21843
1.74934 0.11074 1.60413 1.87851
