# avg	std	min	max
0.88890 0.02028 0.86640 0.92676
0.18755 0.02247 0.16456 0.23056
0.43118 0.00297 0.42729 0.43554
-0.00425 0.00383 -0.01011 -0.00000
-0.03259 0.00200 -0.03481 -0.02929
0.04152 0.06069 -0.06883 0.09866
0.17753 0.05131 0.11144 0.23317
0.00830 0.02295 -0.02477 0.04560
4.42613 0.02416 4.39020 4.46536
0.34391 0.02485 0.32046 0.38916
0.32205 0.00974 0.30440 0.33327
0.87454 0.03721 0.82781 0.92382
0.24417 0.05104 0.18917 0.32093
0.30232 0.00110 0.30116 0.30382
0.27151 0.03028 0.22795 0.32155
1.06964 0.01881 1.04179 1.09625
0.61381 0.02376 0.58499 0.63776
0.03114 0.01662 0.01042 0.05092
0.04609 0.01088 0.02884 0.06287
-0.00590 0.05374 -0.11075 0.03888
1.30868 0.01294 1.29045 1.32583
1.28377 0.00214 1.28010 1.28617
0.32997 0.08655 0.22267 0.41765
