# avg	std	min	max
2.29663 0.00205 2.29283 2.29838
1.43225 0.00201 1.43015 1.43572
1.75819 0.00271 1.75553 1.76216
1.18466 0.05097 1.11989 1.26664
1.71140 0.02594 1.68945 1.74542
1.04549 0.09135 0.96495 1.21000
1.64662 0.00203 1.64492 1.65058
1.26741 0.01727 1.25449 1.30107
-0.00646 0.00363 -0.01223 -0.00315
1.85420 0.00168 1.85239 1.85682
1.85533 0.00157 1.85329 1.85688
1.67191 0.00129 1.66938 1.67279
1.66359 0.00683 1.65095 1.66994
1.76625 0.00470 1.75779 1.77175
1.60816 0.07826 1.45263 1.66266
1.15565 0.21869 0.73161 1.30810
0.83844 0.07372 0.79258 0.98528
1.49374 0.02419 1.45776 1.51809
1.84547 0.06124 1.78299 1.92147
1.89343 0.00295 1.88827 1.89698
1.61242 0.00969 1.59968 1.62451
1.57733 0.01676 1.55495 1.59816
1.25794 0.45250 0.39042 1.56344
