# avg	std	min	max
0.21351 0.00000 0.21351 0.21351
0.12746 0.00133 0.12680 0.13012
0.26737 0.00006 0.26733 0.26749
-0.42073 0.04077 -0.48689 -0.35951
-0.21223 0.00188 -0.21394 -0.20864
-0.77338 0.01907 -0.79164 -0.74184
-0.19341 0.02298 -0.21007 -0.14793
-0.24340 0.02476 -0.27338 -0.21454
3.14522 0.03181 3.08315 3.16950
0.45538 0.02853 0.43666 0.51140
0.31789 0.00035 0.31760 0.31858
0.11677 0.00329 0.11400 0.12158
-0.13600 0.00373 -0.14074 -0.13147
0.28772 0.01009 0.27597 0.29988
-0.00639 0.01068 -0.02747 -0.00000
0.30611 0.00993 0.29289 0.31990
-0.08304 0.00691 -0.09158 -0.07100
-0.21772 0.01968 -0.25261 -0.20020
-0.10911 0.00960 -0.11958 -0.09118
0.27394 0.00696 0.26109 0.28052
0.32159 0.01461 0.29332 0.33480
0.89605 0.03835 0.83210 0.95153
-0.19227 0.05097 -0.22898 -0.09174
