# avg	std	min	max
0.86659 0.11172 0.77880 1.08617
0.02525 0.09748 -0.06653 0.21369
-0.15396 0.01530 -0.17684 -0.13039
-0.53459 0.07678 -0.68437 -0.47213
-0.67014 0.01622 -0.69874 -0.65145
-0.74705 0.04886 -0.81761 -0.69593
0.11204 0.04872 0.03925 0.17835
0.18737 0.08470 0.14416 0.35677
3.37572 0.19697 3.11287 3.62278
0.10711 0.05242 0.04198 0.18295
-0.21105 0.15997 -0.36439 0.08518
0.51085 0.04142 0.45148 0.57410
0.19923 0.02870 0.15754 0.24777
0.59236 0.02209 0.56024 0.62430
-0.00000 0.00000 -0.00000 -0.00000
-0.27759 0.04433 -0.31414 -0.19231
-0.32350 0.23598 -0.57373 0.01651
0.17983 0.02688 0.14710 0.21959
0.80648 0.12466 0.68144 0.97378
0.84276 0.02669 0.80112 0.86885
-0.32990 0.14136 -0.41380 -0.04812
-0.64604 0.07126 -0.75216 -0.57142
-0.99279 0.27938 -1.20981 -0.44590
