# avg	std	min	max
1.21927 0.00838 1.20905 1.23013
0.34750 0.01033 0.33615 0.36467
0.42144 0.00935 0.41398 0.43727
-0.16373 0.00283 -0.16623 -0.15905
-0.30872 0.02161 -0.33748 -0.28231
-0.39484 0.03114 -0.44331 -0.35507
0.11993 0.01806 0.08744 0.13816
-0.07902 0.02155 -0.11552 -0.05332
3.63897 0.01385 3.61494 3.65241
0.78056 0.00835 0.77196 0.79535
0.76180 0.01183 0.75154 0.78382
0.74860 0.00514 0.74436 0.75709
-0.19231 0.02555 -0.23772 -0.16473
0.57411 0.17890 0.35169 0.77509
-0.02030 0.00829 -0.03259 -0.01363
0.59674 0.00055 0.59589 0.59745
0.05310 0.01053 0.04224 0.07050
0.16062 0.01641 0.13007 0.17525
0.44161 0.01677 0.42200 0.46099
0.60403 0.10759 0.53831 0.81852
0.57573 0.01534 0.54776 0.59217
0.52333 0.01698 0.50919 0.55515
-0.75579 0.08321 -0.90546 -0.66782
