# avg	std	min	max
-0.09945 0.00250 -0.10079 -0.09445
0.06847 0.00056 0.06819 0.06959
0.09208 0.00711 0.08675 0.10614
0.04179 0.00565 0.03492 0.04760
0.04788 0.00281 0.04473 0.05264
0.17191 0.00945 0.15698 0.18397
0.16136 0.04741 0.10608 0.21189
-0.10527 0.00966 -0.11293 -0.08642
-0.35447 0.02519 -0.40434 -0.33745
0.08558 0.00555 0.07690 0.09437
-0.04184 0.00314 -0.04510 -0.03628
-0.15428 0.00212 -0.15636 -0.15018
0.19097 0.00500 0.18632 0.19760
-0.15176 0.00465 -0.15959 -0.14529
0.08891 0.00297 0.08590 0.09440
-0.44962 0.00369 -0.45624 -0.44499
-0.21117 0.00494 -0.21868 -0.20553
-0.11368 0.00682 -0.12425 -0.10412
-0.00059 0.00169 -0.00377 0.00134
0.07791 0.00830 0.06330 0.08838
0.03820 0.00305 0.03402 0.04264
-0.01354 0.00389 -0.01931 -0.00785
-0.27304 0.02509 -0.30333 -0.23341
