# avg	std	min	max
0.21200 0.01750 0.19494 0.23818
0.09794 0.01178 0.09205 0.12151
-0.04226 0.01240 -0.05201 -0.02139
-0.15151 0.03535 -0.19020 -0.11061
-0.07212 0.03059 -0.10203 -0.02241
-0.08001 0.10180 -0.17488 0.04701
-0.09938 0.01095 -0.11498 -0.08456
0.06247 0.02477 0.03635 0.10762
0.01352 0.01376 -0.00878 0.03212
0.16573 0.01467 0.14437 0.18591
-0.10418 0.00940 -0.11783 -0.08831
-0.03737 0.02788 -0.06896 0.00316
-0.18951 0.04604 -0.24516 -0.12042
0.05962 0.00484 0.05216 0.06497
0.01259 0.02275 -0.01331 0.04397
-0.18713 0.04054 -0.25593 -0.14331
-0.20754 0.01887 -0.23062 -0.18341
0.08085 0.02495 0.06298 0.12960
-0.03332 0.02236 -0.05253 0.00931
0.21191 0.01243 0.19770 0.22973
-0.36074 0.03447 -0.41194 -0.30829
-0.57900 0.03047 -0.61026 -0.53912
-0.48449 0.03565 -0.52394 -0.42618
