# avg	std	min	max
0.18902 0.00571 0.17922 0.19548
-0.28353 0.00300 -0.28727 -0.28060
0.20916 0.03445 0.18176 0.27631
-0.01680 0.03231 -0.08123 0.00368
0.02997 0.00970 0.01704 0.04266
-0.13754 0.01888 -0.17294 -0.11791
-0.43111 0.00560 -0.43912 -0.42314
0.11197 0.00630 0.10807 0.12452
-0.50731 0.07659 -0.65826 -0.44630
0.12586 0.00395 0.11979 0.12919
-0.19784 0.00379 -0.20298 -0.19174
0.44279 0.00079 0.44177 0.44377
-0.25108 0.04667 -0.31201 -0.16809
0.20622 0.04282 0.17892 0.29096
0.10982 0.02562 0.07941 0.13778
-0.24387 0.10903 -0.45959 -0.16590
-0.17731 0.03421 -0.23078 -0.12878
0.05151 0.00576 0.04036 0.05679
-0.00024 0.00000 -0.00024 -0.00024
0.39183 0.01969 0.35271 0.40508
0.35609 0.05303 0.25040 0.39001
0.24642 0.04961 0.20078 0.33717
0.02050 0.01898 -0.01563 0.03958
