# avg	std	min	max
1.48137 0.30510 0.96129 1.74398
0.92141 0.44962 0.36240 1.48585
-0.26713 0.29941 -0.62359 0.14226
-0.41133 0.28505 -0.97563 -0.19213
-0.21956 0.29080 -0.52607 0.19481
-1.26603 0.31629 -1.71005 -0.99103
3.96152 2.93048 1.36841 8.12969
1.24634 1.69978 -0.19298 3.55309
4.27442 0.42078 3.72979 4.74326
0.98164 0.18911 0.63160 1.13335
0.94440 0.24832 0.57170 1.17952
1.14793 0.19073 0.82006 1.32377
6.62257 4.27937 2.59845 12.07340
1.47279 0.36198 0.75365 1.72756
1.08965 0.14565 0.82692 1.22120
1.18594 0.46610 0.54705 1.78343
1.69931 0.21419 1.43303 2.06718
-0.07395 0.32678 -0.41936 0.42697
-0.12754 0.14718 -0.22278 0.15725
2.66184 1.76721 1.20741 5.55186
4.03537 0.23451 3.80851 4.47654
4.41001 0.28259 4.02376 4.80501
10.67684 3.18614 6.29308 13.59010
