# avg	std	min	max
1.69819 0.25497 1.22186 1.98198
-0.06238 0.02919 -0.09544 -0.02142
1.53094 0.20451 1.25907 1.74175
-1.48307 0.11479 -1.65215 -1.29539
1.21588 0.07796 1.15838 1.36540
-1.59896 0.03220 -1.63998 -1.56416
-0.42079 1.03717 -1.34883 1.29192
0.05287 0.44208 -0.33246 0.88905
3.62146 0.24623 3.28130 3.85827
0.36028 0.17706 0.00664 0.45934
1.26622 0.01589 1.24888 1.29549
-0.37710 0.00488 -0.38396 -0.37126
-0.36769 0.46610 -0.80488 0.52303
-0.22993 0.05651 -0.26857 -0.11821
-0.66534 0.04904 -0.72154 -0.57961
0.67439 0.02790 0.64419 0.72366
0.15627 0.01394 0.13407 0.16922
-0.63438 0.03049 -0.66033 -0.57565
-0.02469 0.01366 -0.04321 -0.00584
-0.25550 0.31685 -0.54923 0.34590
2.02662 0.06804 1.93631 2.12691
3.32150 0.32209 2.86425 3.60855
0.03722 0.88104 -1.36657 0.97688
