# avg	std	min	max
0.74159 0.04028 0.69678 0.80800
0.12923 0.30659 -0.24033 0.50238
-0.52864 0.33704 -0.78801 0.11431
-2.02397 0.04228 -2.09452 -1.96446
-1.50984 0.29939 -1.79554 -1.10356
-2.06896 0.03666 -2.10632 -2.02294
-0.85237 0.49586 -1.29076 -0.00081
-1.00323 0.35941 -1.35156 -0.47691
2.85154 0.31540 2.60839 3.45674
-0.13870 0.18242 -0.35680 0.19594
0.07460 0.32265 -0.23699 0.52390
-0.23875 0.09880 -0.34028 -0.05609
-0.78841 0.09235 -0.88462 -0.62804
-1.47974 0.07777 -1.56785 -1.37436
-0.55524 0.18959 -0.88115 -0.29988
-0.56604 0.16408 -0.79556 -0.37619
-0.40294 0.23265 -0.77642 -0.06054
-0.20801 0.10893 -0.32280 -0.07020
0.00245 0.00491 -0.00000 0.01227
0.00118 0.20029 -0.24253 0.26396
-0.41201 0.28028 -0.76430 -0.08927
-0.17517 0.16270 -0.34171 0.13254
-1.95651 0.33570 -2.24450 -1.34480
