# avg	std	min	max
0.15622 0.00000 0.15622 0.15622
0.23391 0.00000 0.23391 0.23391
0.13989 0.01868 0.11905 0.16695
-0.06292 0.00350 -0.06988 -0.06065
-0.02721 0.00007 -0.02727 -0.02708
-0.02746 0.03163 -0.05614 0.02772
-0.17314 0.00692 -0.18563 -0.16641
-0.16178 0.01563 -0.18882 -0.14108
-0.06480 0.02119 -0.10634 -0.04905
0.19487 0.00004 0.19484 0.19494
0.00022 0.00019 0.00000 0.00043
0.23914 0.00037 0.23879 0.23964
-0.14598 0.01743 -0.17250 -0.11886
0.17887 0.00701 0.16552 0.18610
0.05279 0.00556 0.04178 0.05701
0.10588 0.02687 0.07629 0.14596
-0.06426 0.00131 -0.06629 -0.06264
0.10721 0.02797 0.05274 0.12835
0.29442 0.01116 0.27795 0.31304
0.36829 0.00080 0.36735 0.36963
0.02020 0.01462 0.00018 0.04447
-0.09523 0.00460 -0.10120 -0.08792
-0.64804 0.01415 -0.66297 -0.62255
