# avg	std	min	max
-0.44835 0.01514 -0.47607 -0.43122
-0.40549 0.00040 -0.40606 -0.40494
0.68142 0.18392 0.54520 1.04610
-0.20805 0.00670 -0.21249 -0.19474
0.40507 0.02639 0.35880 0.43995
-0.45423 0.04414 -0.52788 -0.41144
-0.14552 0.01580 -0.17707 -0.13602
0.20131 0.00634 0.18941 0.20674
0.58844 0.02952 0.53520 0.61023
-0.91782 0.02552 -0.94291 -0.88221
-0.00067 0.00089 -0.00185 0.00038
-0.55164 0.00125 -0.55337 -0.55020
-0.11911 0.00433 -0.12748 -0.11533
-0.54930 0.18069 -0.77905 -0.27116
-0.35303 0.05451 -0.44604 -0.28697
-1.22032 0.46847 -2.14463 -0.93441
-0.36159 0.03147 -0.41022 -0.31417
-0.39508 0.24658 -0.88478 -0.21650
-0.35769 0.25278 -0.86317 -0.22618
-0.27727 0.01332 -0.29880 -0.25920
-1.13885 0.08419 -1.24401 -1.00321
-0.67373 0.14054 -0.81903 -0.45025
-0.41978 0.02060 -0.45031 -0.38630
