# avg	std	min	max
4.13309 0.02024 4.10750 4.16503
2.29155 0.01041 2.27410 2.30684
-0.00045 0.00038 -0.00093 -0.00000
-0.31845 0.04340 -0.37310 -0.25341
-0.78720 0.00375 -0.79381 -0.78433
1.00513 0.23189 0.81727 1.45141
-0.05116 0.03026 -0.08835 -0.00779
0.35962 0.12091 0.22716 0.58860
4.38038 0.02168 4.35783 4.40813
3.01240 0.00100 3.01073 3.01365
1.37090 0.02685 1.35439 1.42397
2.22623 0.00599 2.21426 2.22950
0.46068 0.03442 0.41441 0.52149
2.69438 0.01062 2.68414 2.71425
2.54015 0.20562 2.32779 2.89128
4.25632 0.05260 4.18743 4.32056
3.53572 0.13604 3.32820 3.70794
2.17365 0.14508 1.98187 2.31982
3.07527 0.43232 2.24237 3.38525
1.77894 0.00757 1.76490 1.78662
8.06584 0.47729 7.12080 8.41850
5.61070 0.35088 5.20299 6.20870
0.43427 0.15526 0.29402 0.73510
