# avg	std	min	max
0.22317 0.00000 0.22318 0.22318
-0.00000 0.00000 -0.00000 -0.00000
0.08935 0.00344 0.08501 0.09219
0.02956 0.00512 0.02262 0.03558
0.10548 0.00284 0.10344 0.11109
0.10996 0.00911 0.10242 0.12418
-0.03748 0.00907 -0.05097 -0.02458
0.12619 0.01128 0.10994 0.14318
-0.23426 0.02896 -0.28611 -0.19758
-0.28307 0.00066 -0.28372 -0.28180
-0.14460 0.20401 -0.39620 0.02235
-0.05854 0.00007 -0.05862 -0.05845
0.02935 0.01139 0.00727 0.03811
-0.07054 0.19343 -0.31262 0.16225
-0.27508 0.02684 -0.31132 -0.23549
0.01286 0.00449 0.00706 0.01781
-0.59614 0.06943 -0.64438 -0.45827
-0.05029 0.01421 -0.07399 -0.02927
-0.30600 0.05065 -0.37435 -0.23950
-0.40119 0.00641 -0.41319 -0.39495
-0.13662 0.07321 -0.19880 0.00380
0.06122 0.00469 0.05610 0.06886
-0.07416 0.03710 -0.11925 -0.03503
