# avg	std	min	max
0.27447 0.00000 0.27447 0.27447
0.00000 0.00000 0.00000 0.00000
0.23403 0.00371 0.23067 0.23963
-0.36589 0.01607 -0.38176 -0.33821
0.01195 0.06721 -0.04923 0.12297
-0.16550 0.03481 -0.22953 -0.13152
-0.30444 0.02150 -0.32796 -0.27786
-0.34437 0.02246 -0.37775 -0.30857
-0.81790 0.00265 -0.82277 -0.81543
-0.11132 0.00002 -0.11134 -0.11129
-0.07570 0.00007 -0.07578 -0.07558
0.18386 0.00002 0.18382 0.18389
-0.29364 0.01039 -0.30798 -0.28070
-0.07382 0.03458 -0.09522 -0.00483
-0.28175 0.02294 -0.30391 -0.24696
-0.26766 0.00099 -0.26919 -0.26661
-0.50173 0.00692 -0.51364 -0.49561
-0.17329 0.01055 -0.19005 -0.16025
-0.26211 0.01577 -0.29178 -0.24948
-0.25311 0.00429 -0.25995 -0.24640
0.13995 0.15210 -0.16403 0.22571
0.22869 0.01497 0.20705 0.25109
-0.56618 0.01685 -0.58371 -0.53805
