# avg	std	min	max
0.27265 0.00000 0.27265 0.27265
0.00000 0.00000 -0.00000 0.00000
0.32722 0.00014 0.32707 0.32744
0.15736 0.01245 0.13677 0.17607
0.46518 0.01239 0.45875 0.48995
-0.03847 0.03609 -0.09796 0.00107
0.04021 0.00436 0.03150 0.04251
-0.22648 0.05936 -0.31426 -0.14935
-0.61821 0.03938 -0.68496 -0.58371
0.05441 0.00028 0.05404 0.05478
0.04249 0.00016 0.04229 0.04278
0.25897 0.01413 0.24022 0.27053
0.03193 0.02280 -0.01254 0.04972
0.25786 0.00755 0.25399 0.27295
-0.14192 0.07110 -0.26345 -0.04496
0.27927 0.00058 0.27863 0.28019
-0.34704 0.01333 -0.35644 -0.32201
0.12447 0.00417 0.11637 0.12731
0.06179 0.07283 -0.08380 0.10244
0.13099 0.00069 0.12977 0.13164
0.30366 0.00685 0.29791 0.31348
0.62501 0.00838 0.61396 0.63664
-0.34153 0.05067 -0.38261 -0.24355
