# avg	std	min	max
0.06058 0.00713 0.04702 0.06741
0.07658 0.01095 0.06819 0.09532
0.11143 0.00523 0.10525 0.11822
0.00364 0.00599 -0.00367 0.01016
0.13900 0.00873 0.12956 0.15027
-0.00258 0.00571 -0.00944 0.00706
0.11375 0.03172 0.07458 0.14283
-0.11234 0.00583 -0.12093 -0.10583
0.06416 0.00637 0.05691 0.07365
0.07873 0.00625 0.07138 0.08703
0.11461 0.00735 0.10411 0.12344
0.06929 0.00702 0.06002 0.08083
0.16577 0.01469 0.14369 0.18922
0.08014 0.00753 0.06560 0.08684
-0.44106 0.00919 -0.45099 -0.42809
0.07323 0.00650 0.06351 0.08333
0.07337 0.00555 0.06646 0.08333
-0.25918 0.03243 -0.30455 -0.20920
-0.41926 0.05816 -0.47643 -0.31028
-0.04834 0.09241 -0.14532 0.12731
0.08014 0.00524 0.07271 0.08530
0.18548 0.01090 0.16779 0.19723
-0.23782 0.08114 -0.39238 -0.16479
