# avg	std	min	max
-0.14956 0.00000 -0.14956 -0.14955
-0.07312 0.00001 -0.07313 -0.07310
0.07703 0.00112 0.07540 0.07837
0.03906 0.00984 0.03265 0.05851
0.09377 0.00102 0.09234 0.09533
-0.08937 0.00032 -0.08980 -0.08883
-0.06337 0.00325 -0.06809 -0.05982
-0.18432 0.03422 -0.23579 -0.13369
-0.13447 0.00011 -0.13463 -0.13432
-0.00000 0.00001 -0.00002 0.00001
-0.01852 0.00009 -0.01858 -0.01834
-0.08005 0.00001 -0.08006 -0.08002
-0.07047 0.00364 -0.07316 -0.06355
-0.04415 0.00167 -0.04653 -0.04163
-0.10400 0.01833 -0.13192 -0.08552
-0.06345 0.00036 -0.06400 -0.06309
-0.09009 0.00164 -0.09298 -0.08848
-0.08751 0.01538 -0.11826 -0.07970
-0.29218 0.07550 -0.38346 -0.19492
-0.01175 0.00451 -0.01798 -0.00580
0.11380 0.00317 0.11030 0.11857
0.10702 0.00308 0.10368 0.11221
-0.27181 0.02685 -0.31856 -0.23743
