# avg	std	min	max
0.74892 0.00656 0.74140 0.75743
0.09036 0.01287 0.07978 0.11472
0.60839 0.03294 0.57244 0.65066
0.05453 0.01625 0.03035 0.07390
0.18111 0.05180 0.11647 0.22967
-0.15457 0.04195 -0.19849 -0.08006
-0.10517 0.02426 -0.11881 -0.05674
0.34614 0.02755 0.31527 0.37867
2.00875 0.08036 1.88614 2.11157
0.13392 0.00390 0.12888 0.13887
0.32852 0.03406 0.28453 0.35877
0.82914 0.00942 0.81760 0.84132
-0.56342 0.05272 -0.62770 -0.50351
0.87613 0.00400 0.87115 0.88289
0.13580 0.03352 0.09298 0.17154
0.56479 0.03149 0.51397 0.61208
-0.00321 0.00264 -0.00809 -0.00009
0.17583 0.03278 0.14355 0.23869
0.45560 0.02838 0.41711 0.48619
0.94039 0.01633 0.92232 0.96761
0.38566 0.01435 0.37019 0.41108
0.71577 0.01802 0.68547 0.74035
-0.56082 0.04047 -0.62718 -0.50501
