# avg	std	min	max
0.90222 0.00009 0.90215 0.90233
0.12449 0.00000 0.12449 0.12449
0.56659 0.00344 0.56173 0.57223
-0.10508 0.00644 -0.11220 -0.09469
0.05270 0.00013 0.05260 0.05295
-0.45766 0.05009 -0.51154 -0.36244
-0.11218 0.01873 -0.14058 -0.08486
0.07428 0.01951 0.04637 0.09296
4.43315 0.01869 4.41118 4.46329
0.28646 0.05032 0.21717 0.36890
0.10150 0.00238 0.09980 0.10618
0.93427 0.05829 0.88658 1.00566
-0.04965 0.00917 -0.06208 -0.03638
0.81170 0.00345 0.80776 0.81569
-0.03769 0.00092 -0.03870 -0.03609
0.18814 0.00416 0.18355 0.19367
-0.00054 0.00385 -0.00270 0.00713
-0.01041 0.00610 -0.01720 -0.00316
0.17741 0.00961 0.16413 0.18853
0.65655 0.01438 0.63767 0.68217
0.52212 0.09404 0.33591 0.58594
0.24971 0.03331 0.22352 0.31405
-0.16745 0.04691 -0.23504 -0.09563
