# avg	std	min	max
4.40855 0.04684 4.34205 4.48245
3.70011 0.01352 3.68073 3.72237
2.64592 0.02451 2.61146 2.68628
1.20800 0.10580 1.10873 1.40479
2.34274 0.00935 2.32649 2.35127
0.71758 0.05225 0.63598 0.77782
-0.01842 0.02111 -0.04833 0.00622
1.10983 0.03507 1.04422 1.14131
3.27162 0.02596 3.24260 3.31080
3.79161 0.01992 3.76615 3.82698
3.30403 0.02641 3.27050 3.34789
3.19499 0.03910 3.13009 3.24583
0.56970 0.03404 0.54433 0.63223
3.44468 0.21474 3.29268 3.86940
3.16986 0.03399 3.13066 3.23244
4.01217 0.06554 3.92702 4.09417
3.33726 0.05249 3.25597 3.41654
3.27544 0.05647 3.21316 3.37277
4.12505 0.13759 3.96629 4.36668
2.68833 0.01799 2.67069 2.71048
4.75007 0.06208 4.69149 4.86796
3.94491 0.06342 3.88047 4.06012
1.64608 0.19151 1.30416 1.85439
