# avg	std	min	max
6.33444 0.03157 6.27139 6.35194
4.84591 0.01694 4.81998 4.86468
4.26584 0.34141 3.83082 4.54806
1.72941 0.05013 1.66607 1.79671
2.69274 0.18636 2.45564 3.01643
0.99028 0.15806 0.83947 1.28895
-0.02579 0.01063 -0.03943 -0.00783
4.75255 2.24933 1.98231 7.43097
8.94103 0.06440 8.83475 9.02441
6.00620 0.01447 5.97781 6.01616
4.95655 0.00782 4.94468 4.96926
4.78165 0.01616 4.75333 4.80070
3.10254 0.04537 3.04768 3.16669
4.37870 0.01032 4.35917 4.38767
5.13772 0.09462 4.95585 5.21164
5.16162 0.01105 5.14326 5.17238
5.03472 0.01079 5.02409 5.05252
4.42616 0.11447 4.24432 4.54110
6.32199 0.98821 5.49560 8.23588
2.69371 0.01149 2.67983 2.71440
7.89790 0.05346 7.79945 7.95523
5.65039 0.62506 4.66046 6.56614
15.88020 1.23476 14.07920 17.38510
