# avg	std	min	max
3.83952 0.04158 3.78668 3.90983
2.42139 0.04017 2.36543 2.47275
1.53344 0.02603 1.49105 1.57112
-0.01673 0.00700 -0.02792 -0.00623
1.00068 0.33825 0.82199 1.67706
0.49036 0.17361 0.25404 0.65585
-0.84172 0.33469 -1.10291 -0.20902
0.59308 0.05318 0.52939 0.68482
8.85674 0.04134 8.79619 8.92541
3.02290 0.02109 2.98795 3.04864
2.58363 0.02746 2.53008 2.60625
1.95271 0.06825 1.87904 2.03852
0.03504 0.06522 -0.03461 0.15845
2.51872 0.23767 2.36705 2.98367
1.59252 0.08122 1.51184 1.71483
3.38623 0.09280 3.22916 3.51478
1.83978 0.05887 1.77568 1.92320
1.23487 0.12876 1.11483 1.48162
1.59631 0.12131 1.41784 1.78020
2.11351 0.02065 2.07880 2.13659
2.64156 0.23764 2.34056 2.96539
6.08322 0.48938 5.79010 7.05835
4.08412 1.64836 1.97337 6.29640
