# avg	std	min	max
1.36352 0.00974 1.35040 1.37536
0.51458 0.01319 0.49665 0.53770
0.81002 0.08119 0.70837 0.89611
-0.13847 0.06416 -0.26367 -0.08540
0.13842 0.04951 0.09077 0.21759
-0.20310 0.03052 -0.24815 -0.15857
-0.08869 0.14600 -0.37568 0.03268
0.19421 0.02773 0.16230 0.23438
3.93588 0.39191 3.34601 4.57189
0.64797 0.11979 0.47477 0.76828
1.04583 0.08689 0.96938 1.21468
0.99137 0.04031 0.93235 1.03100
0.12270 0.06610 0.05196 0.21865
-0.02368 0.02691 -0.06924 0.01184
0.32267 0.01896 0.30109 0.35166
0.46338 0.02893 0.43132 0.49946
0.16070 0.02417 0.11823 0.18871
0.57441 0.04448 0.52426 0.62811
0.99543 0.01894 0.97250 1.02952
0.55730 0.01705 0.54460 0.58957
0.16575 0.02463 0.12404 0.20044
0.36227 0.10787 0.15232 0.45175
-0.68301 0.09844 -0.85123 -0.56958
