# avg	std	min	max
4.70693 0.00358 4.70425 4.71401
2.75027 0.00081 2.74872 2.75095
2.74551 0.25224 2.49789 3.22238
2.71903 0.31105 2.28757 3.25722
4.43007 0.86456 2.78179 5.06495
4.04039 0.97997 2.87404 5.73131
17.87062 8.58860 7.03953 26.74830
19.27228 8.64006 8.86088 28.56230
-0.00241 0.00066 -0.00337 -0.00148
4.17133 0.00425 4.16735 4.17671
4.39370 0.24366 4.19946 4.80299
3.04775 0.53035 2.30417 3.53080
10.76970 5.78113 5.75716 21.79750
6.24289 0.42946 5.38840 6.52062
5.89833 0.51188 5.49634 6.87554
5.06479 0.20866 4.94505 5.48144
8.41718 1.72959 6.44068 11.16110
8.72752 1.65658 5.74014 10.73150
8.09972 1.27586 6.27258 9.29867
12.53889 7.36324 5.70475 21.97070
11.87970 0.47578 11.10200 12.35230
14.02636 1.26775 11.74230 15.28180
16.98921 7.36648 7.64290 24.45140
