# avg	std	min	max
0.26055 0.03575 0.23428 0.33040
0.13718 0.03076 0.09511 0.18671
0.37671 0.01364 0.35931 0.39298
0.19025 0.03177 0.15972 0.25008
0.44509 0.03935 0.37332 0.49417
0.18078 0.05688 0.06725 0.21467
0.11947 0.04738 0.07649 0.20920
0.15375 0.02620 0.12038 0.18578
-0.30752 0.00489 -0.31190 -0.30146
0.29612 0.02144 0.25860 0.31909
0.22955 0.03029 0.19530 0.27348
0.31845 0.04188 0.27499 0.39218
0.27502 0.01740 0.24849 0.29141
0.24188 0.04325 0.18169 0.29891
-0.00648 0.00000 -0.00648 -0.00648
-0.09285 0.03733 -0.14006 -0.03125
-0.20845 0.07277 -0.34766 -0.13877
0.20255 0.03023 0.15306 0.23662
0.36172 0.07749 0.23453 0.44506
0.34617 0.09297 0.24726 0.52088
0.23492 0.02669 0.20326 0.26716
0.24814 0.03426 0.18321 0.27728
-0.06986 0.05038 -0.13480 0.00713
