# avg	std	min	max
1.05778 0.00185 1.05685 1.06148
0.35876 0.00185 0.35783 0.36246
0.71366 0.00250 0.71049 0.71761
-0.13531 0.05495 -0.20980 -0.04581
-0.04797 0.03650 -0.09122 0.01664
-0.28351 0.05460 -0.32195 -0.17511
-0.16075 0.00877 -0.16764 -0.14389
-0.17664 0.01287 -0.19229 -0.16207
3.08385 0.19413 2.87930 3.34661
0.88572 0.00757 0.87058 0.88957
0.94246 0.00027 0.94227 0.94297
1.04765 0.00076 1.04692 1.04860
-0.09260 0.00434 -0.09485 -0.08392
0.36601 0.00266 0.36195 0.36872
-0.00284 0.00000 -0.00284 -0.00284
0.49909 0.00135 0.49829 0.50178
0.24857 0.00635 0.23804 0.25519
0.32790 0.01624 0.30708 0.34710
0.54107 0.08189 0.37738 0.58705
0.56145 0.00627 0.55706 0.57378
0.58207 0.00629 0.57743 0.59408
0.53534 0.00451 0.53007 0.54235
-0.72165 0.17772 -0.88283 -0.39726
