# avg	std	min	max
0.30338 0.01714 0.28162 0.32405
-0.22938 0.02629 -0.24710 -0.17759
-0.03896 0.02563 -0.05775 0.01153
-0.33590 0.00601 -0.34575 -0.32747
-0.44773 0.01457 -0.46641 -0.42390
-0.64484 0.06477 -0.73964 -0.57609
-0.64356 0.00488 -0.64957 -0.63723
-0.45901 0.03295 -0.49631 -0.40746
1.40691 0.04746 1.32027 1.46284
-0.39872 0.01636 -0.42203 -0.37577
-0.15340 0.00878 -0.16369 -0.14063
0.33800 0.03878 0.30128 0.41182
-0.14813 0.05785 -0.22872 -0.07472
-0.27094 0.01355 -0.29072 -0.25563
-0.41525 0.02446 -0.45257 -0.37716
-0.10387 0.02272 -0.13847 -0.06798
-0.42263 0.00963 -0.43663 -0.40790
-0.12693 0.01778 -0.15225 -0.10657
-0.01408 0.02742 -0.04345 0.03756
-0.06389 0.02976 -0.09391 -0.00693
-0.25151 0.01093 -0.27128 -0.23867
-0.17880 0.02361 -0.21302 -0.14520
-1.51222 0.13082 -1.72692 -1.32101
