# avg	std	min	max
1.78576 0.02602 1.76031 1.83001
1.25465 0.03373 1.19064 1.28149
0.90913 0.13773 0.72151 1.06666
0.77174 0.35832 0.36636 1.28557
0.51712 0.23125 0.16261 0.78085
-0.24160 0.47580 -0.58921 0.69879
1.20584 0.22898 0.85531 1.47864
1.56214 0.25607 1.22564 2.01084
3.55598 0.02921 3.51633 3.60060
0.83442 0.00018 0.83421 0.83473
0.00008 0.00016 -0.00007 0.00038
0.82064 0.00649 0.81264 0.82597
1.33509 0.28013 1.04133 1.70787
1.16535 0.01817 1.13664 1.19143
0.86668 0.05956 0.78000 0.94014
1.15858 0.05099 1.10186 1.25241
1.70552 0.05351 1.60493 1.75951
0.62677 0.26765 0.38194 1.08366
0.52314 0.09926 0.37579 0.65434
1.06557 0.20639 0.84454 1.44997
2.16891 0.19667 1.78465 2.31424
1.56415 0.02227 1.53297 1.60125
1.13443 0.75821 -0.37346 1.64086
