# avg	std	min	max
0.55097 0.01592 0.53303 0.56911
-0.04984 0.01830 -0.06435 -0.01913
0.42631 0.03223 0.36997 0.46885
0.03390 0.04317 -0.05208 0.06217
0.00748 0.03260 -0.04964 0.04452
-0.24103 0.10180 -0.33201 -0.05408
-0.05709 0.02491 -0.07767 -0.00993
0.26663 0.01214 0.25668 0.28825
-0.31882 0.05779 -0.37606 -0.21117
0.46985 0.02044 0.45258 0.49551
0.54280 0.06635 0.48769 0.67259
0.62330 0.01226 0.60942 0.64188
0.00469 0.00400 0.00000 0.00938
0.52357 0.00389 0.51994 0.53034
0.17666 0.05549 0.12058 0.26007
0.99554 0.22335 0.86721 1.44166
0.55568 0.02036 0.52261 0.58281
-0.12685 0.00967 -0.14245 -0.11606
-0.16349 0.02103 -0.19857 -0.13446
0.46903 0.01481 0.45816 0.49745
1.03121 0.01554 1.01431 1.05298
1.31940 0.18254 1.13595 1.60172
0.03436 0.03110 0.00492 0.09220
