# avg	std	min	max
0.30648 0.00000 0.30648 0.30648
0.41154 0.00000 0.41154 0.41154
1.12956 0.00000 1.12956 1.12956
0.31035 0.00000 0.31035 0.31035
1.09461 0.00000 1.09461 1.09461
0.74422 0.00000 0.74422 0.74422
0.44083 0.00000 0.44083 0.44083
0.91243 0.00000 0.91243 0.91243
3.35365 0.00000 3.35365 3.35365
0.27784 0.00000 0.27784 0.27784
0.72140 0.00000 0.72140 0.72140
0.61426 0.00000 0.61426 0.61426
0.50871 0.00000 0.50871 0.50871
0.22544 0.00000 0.22544 0.22544
0.08579 0.00000 0.08579 0.08579
0.16995 0.00000 0.16995 0.16995
0.00000 0.00000 0.00000 0.00000
0.03830 0.00000 0.03830 0.03830
-0.19812 0.00000 -0.19812 -0.19812
0.63594 0.00000 0.63594 0.63594
0.21975 0.00000 0.21975 0.21975
1.51496 0.00000 1.51496 1.51496
0.47949 0.00000 0.47949 0.47949
