# avg	std	min	max
-1.83931 0.00000 -1.83931 -1.83931
0.36276 0.00000 0.36276 0.36276
3.11109 0.00000 3.11109 3.11109
-0.60630 0.00000 -0.60630 -0.60630
2.68329 0.00000 2.68329 2.68329
-0.63414 0.00000 -0.63414 -0.63414
-0.69343 0.00000 -0.69343 -0.69343
-0.73611 0.00000 -0.73611 -0.73611
4.68659 0.00000 4.68659 4.68659
-0.71716 0.00000 -0.71716 -0.71716
1.96594 0.00000 1.96594 1.96594
-0.17149 0.00000 -0.17149 -0.17149
-0.51248 0.00000 -0.51248 -0.51248
-0.66628 0.00000 -0.66628 -0.66628
-0.60512 0.00000 -0.60512 -0.60512
0.08825 0.00000 0.08825 0.08825
-0.00372 0.00000 -0.00372 -0.00372
-0.60790 0.00000 -0.60790 -0.60790
-0.80483 0.00000 -0.80483 -0.80483
-0.26400 0.00000 -0.26400 -0.26400
0.24504 0.00000 0.24504 0.24504
1.32602 0.00000 1.32602 1.32602
-0.45780 0.00000 -0.45780 -0.45780
