# avg	std	min	max
5.41866 0.00000 5.41866 5.41866
4.13715 0.00000 4.13715 4.13715
2.68132 0.00000 2.68132 2.68132
1.99365 0.00000 1.99365 1.99365
2.08548 0.00000 2.08548 2.08548
1.32478 0.00000 1.32478 1.32478
-0.05739 0.00000 -0.05739 -0.05739
3.22883 0.00000 3.22883 3.22883
7.35960 0.00000 7.35960 7.35960
4.81178 0.00000 4.81178 4.81178
4.28840 0.00000 4.28840 4.28840
3.81486 0.00000 3.81486 3.81486
1.22679 0.00000 1.22679 1.22679
4.53197 0.00000 4.53197 4.53197
3.71841 0.00000 3.71841 3.71841
5.01064 0.00000 5.01064 5.01064
4.00944 0.00000 4.00944 4.00944
3.03840 0.00000 3.03840 3.03840
3.39124 0.00000 3.39124 3.39124
3.44597 0.00000 3.44597 3.44597
4.97701 0.00000 4.97701 4.97701
6.25804 0.00000 6.25804 6.25804
1.57572 0.00000 1.57572 1.57572
