# avg	std	min	max
0.32598 0.00000 0.32598 0.32598
0.03568 0.00000 0.03568 0.03568
0.91313 0.00000 0.91313 0.91313
-1.14406 0.00000 -1.14406 -1.14406
0.48128 0.00000 0.48128 0.48128
-0.48800 0.00000 -0.48800 -0.48800
-0.63929 0.00000 -0.63929 -0.63929
-0.59242 0.00000 -0.59242 -0.59242
-0.30611 0.00000 -0.30611 -0.30611
-0.31357 0.00000 -0.31357 -0.31357
0.85253 0.00000 0.85253 0.85253
0.30627 0.00000 0.30627 0.30627
-0.58657 0.00000 -0.58657 -0.58657
-0.48262 0.00000 -0.48262 -0.48262
-0.12109 0.00000 -0.12109 -0.12109
-0.56057 0.00000 -0.56057 -0.56057
-0.17506 0.00000 -0.17506 -0.17506
-0.52985 0.00000 -0.52985 -0.52985
-0.34529 0.00000 -0.34529 -0.34529
-0.01534 0.00000 -0.01534 -0.01534
-0.56784 0.00000 -0.56784 -0.56784
1.22439 0.00000 1.22439 1.22439
-0.94532 0.00000 -0.94532 -0.94532
