# avg	std	min	max
3.97718 0.00000 3.97718 3.97718
3.03081 0.00000 3.03081 3.03081
0.73917 0.00000 0.73917 0.73917
0.41608 0.00000 0.41608 0.41608
-0.00827 0.00000 -0.00827 -0.00827
1.33744 0.00000 1.33744 1.33744
2.13990 0.00000 2.13990 2.13990
4.10571 0.00000 4.10571 4.10571
6.22545 0.00000 6.22545 6.22545
3.04373 0.00000 3.04373 3.04373
1.61184 0.00000 1.61184 1.61184
1.97100 0.00000 1.97100 1.97100
3.52702 0.00000 3.52702 3.52702
3.53670 0.00000 3.53670 3.53670
3.87574 0.00000 3.87574 3.87574
5.07173 0.00000 5.07173 5.07173
4.37413 0.00000 4.37413 4.37413
6.61969 0.00000 6.61969 6.61969
5.01016 0.00000 5.01016 5.01016
7.62327 0.00000 7.62327 7.62327
7.72563 0.00000 7.72563 7.72563
8.60723 0.00000 8.60723 8.60723
6.35385 0.00000 6.35385 6.35385
