# avg	std	min	max
2.05047 0.00000 2.05047 2.05047
1.17760 0.00000 1.17760 1.17760
0.29107 0.00000 0.29107 0.29107
-0.25902 0.00000 -0.25902 -0.25902
-0.51201 0.00000 -0.51201 -0.51201
-0.26176 0.00000 -0.26176 -0.26176
-0.31420 0.00000 -0.31420 -0.31420
0.45346 0.00000 0.45346 0.45346
2.54576 0.00000 2.54576 2.54576
1.83307 0.00000 1.83307 1.83307
1.01386 0.00000 1.01386 1.01386
1.51015 0.00000 1.51015 1.51015
0.07338 0.00000 0.07338 0.07338
1.84407 0.00000 1.84407 1.84407
0.87696 0.00000 0.87696 0.87696
3.03854 0.00000 3.03854 3.03854
1.44152 0.00000 1.44152 1.44152
-0.01502 0.00000 -0.01502 -0.01502
-0.92060 0.00000 -0.92060 -0.92060
1.45332 0.00000 1.45332 1.45332
3.05104 0.00000 3.05104 3.05104
1.86250 0.00000 1.86250 1.86250
0.65278 0.00000 0.65278 0.65278
