# avg	std	min	max
1.76219 0.00000 1.76219 1.76219
1.40219 0.00000 1.40219 1.40219
1.25694 0.00000 1.25694 1.25694
0.49575 0.00000 0.49575 0.49575
1.04179 0.00000 1.04179 1.04179
0.53640 0.00000 0.53640 0.53640
1.64440 0.00000 1.64440 1.64440
1.57397 0.00000 1.57397 1.57397
1.00141 0.00000 1.00141 1.00141
0.95431 0.00000 0.95431 0.95431
0.31061 0.00000 0.31061 0.31061
0.94041 0.00000 0.94041 0.94041
1.58415 0.00000 1.58415 1.58415
0.60194 0.00000 0.60194 0.60194
0.56700 0.00000 0.56700 0.56700
1.43859 0.00000 1.43859 1.43859
0.71304 0.00000 0.71304 0.71304
-0.07366 0.00000 -0.07366 -0.07366
0.10931 0.00000 0.10931 0.10931
1.74470 0.00000 1.74470 1.74470
1.50988 0.00000 1.50988 1.50988
1.29245 0.00000 1.29245 1.29245
1.20842 0.00000 1.20842 1.20842
