# avg	std	min	max
4.90413 0.00000 4.90413 4.90413
4.00229 0.00000 4.00229 4.00229
3.06271 0.00000 3.06271 3.06271
-0.00490 0.00000 -0.00490 -0.00490
1.89304 0.00000 1.89304 1.89304
0.35662 0.00000 0.35662 0.35662
3.89967 0.00000 3.89967 3.89967
12.52816 0.00000 12.52816 12.52816
7.03146 0.00000 7.03146 7.03146
4.33575 0.00000 4.33575 4.33575
3.46778 0.00000 3.46778 3.46778
3.50215 0.00000 3.50215 3.50215
7.74302 0.00000 7.74302 7.74302
2.65184 0.00000 2.65184 2.65184
4.39637 0.00000 4.39637 4.39637
4.39181 0.00000 4.39181 4.39181
5.35156 0.00000 5.35156 5.35156
5.39241 0.00000 5.39241 5.39241
8.90073 0.00000 8.90073 8.90073
4.90145 0.00000 4.90145 4.90145
9.08044 0.00000 9.08044 9.08044
9.62735 0.00000 9.62735 9.62735
25.84978 0.00000 25.84978 25.84978
