# avg	std	min	max
5.32511 0.00000 5.32511 5.32511
3.43351 0.00000 3.43351 3.43351
1.72039 0.00000 1.72039 1.72039
-0.06685 0.00000 -0.06685 -0.06685
1.81533 0.00000 1.81533 1.81533
0.06947 0.00000 0.06947 0.06947
4.27491 0.00000 4.27491 4.27491
10.49679 0.00000 10.49679 10.49679
1.37739 0.00000 1.37739 1.37739
4.04948 0.00000 4.04948 4.04948
2.98554 0.00000 2.98554 2.98554
3.58023 0.00000 3.58023 3.58023
13.27572 0.00000 13.27572 13.27572
4.32976 0.00000 4.32976 4.32976
3.73182 0.00000 3.73182 3.73182
4.66683 0.00000 4.66683 4.66683
4.75073 0.00000 4.75073 4.75073
5.70433 0.00000 5.70433 5.70433
7.11610 0.00000 7.11610 7.11610
7.25787 0.00000 7.25787 7.25787
8.75052 0.00000 8.75052 8.75052
9.24670 0.00000 9.24670 9.24670
31.17834 0.00000 31.17834 31.17834
