# avg	std	min	max
2.70737 0.00000 2.70737 2.70737
2.09136 0.00000 2.09136 2.09136
1.97019 0.00000 1.97019 1.97019
0.39395 0.00000 0.39395 0.39395
1.01441 0.00000 1.01441 1.01441
-0.08708 0.00000 -0.08708 -0.08708
0.64424 0.00000 0.64424 0.64424
2.31130 0.00000 2.31130 2.31130
0.44498 0.00000 0.44498 0.44498
2.53233 0.00000 2.53233 2.53233
2.35162 0.00000 2.35162 2.35162
2.23630 0.00000 2.23630 2.23630
0.79207 0.00000 0.79207 0.79207
1.83514 0.00000 1.83514 1.83514
1.77245 0.00000 1.77245 1.77245
2.45367 0.00000 2.45367 2.45367
1.65302 0.00000 1.65302 1.65302
1.60925 0.00000 1.60925 1.60925
2.25915 0.00000 2.25915 2.25915
2.40586 0.00000 2.40586 2.40586
2.24545 0.00000 2.24545 2.24545
3.56931 0.00000 3.56931 3.56931
1.98776 0.00000 1.98776 1.98776
