# avg	std	min	max
1.08246 0.00000 1.08246 1.08246
0.14424 0.00000 0.14424 0.14424
0.32911 0.00000 0.32911 0.32911
0.00423 0.00000 0.00423 0.00423
0.07113 0.00000 0.07113 0.07113
-0.38905 0.00000 -0.38905 -0.38905
-0.33059 0.00000 -0.33059 -0.33059
0.10222 0.00000 0.10222 0.10222
0.34295 0.00000 0.34295 0.34295
0.00047 0.00000 0.00047 0.00047
-0.37439 0.00000 -0.37439 -0.37439
0.62251 0.00000 0.62251 0.62251
0.15476 0.00000 0.15476 0.15476
0.34133 0.00000 0.34133 0.34133
0.04683 0.00000 0.04683 0.04683
0.71008 0.00000 0.71008 0.71008
0.15440 0.00000 0.15440 0.15440
-0.47850 0.00000 -0.47850 -0.47850
-0.53274 0.00000 -0.53274 -0.53274
0.64551 0.00000 0.64551 0.64551
0.88796 0.00000 0.88796 0.88796
1.49362 0.00000 1.49362 1.49362
0.18406 0.00000 0.18406 0.18406
