# avg	std	min	max
0.80166 0.00000 0.80166 0.80166
-0.03461 0.00000 -0.03461 -0.03461
-0.45211 0.00000 -0.45211 -0.45211
-1.11253 0.00000 -1.11253 -1.11253
-0.63934 0.00000 -0.63934 -0.63934
-0.73685 0.00000 -0.73685 -0.73685
-0.53233 0.00000 -0.53233 -0.53233
0.17090 0.00000 0.17090 0.17090
0.06833 0.00000 0.06833 0.06833
0.74405 0.00000 0.74405 0.74405
0.00005 0.00000 0.00005 0.00005
0.09302 0.00000 0.09302 0.09302
-0.68367 0.00000 -0.68367 -0.68367
0.92261 0.00000 0.92261 0.92261
-0.15962 0.00000 -0.15962 -0.15962
1.83471 0.00000 1.83471 1.83471
0.70821 0.00000 0.70821 0.70821
-0.89308 0.00000 -0.89308 -0.89308
-0.40735 0.00000 -0.40735 -0.40735
0.67135 0.00000 0.67135 0.67135
2.37218 0.00000 2.37218 2.37218
1.83146 0.00000 1.83146 1.83146
-0.99175 0.00000 -0.99175 -0.99175
