# avg	std	min	max
5.70035 0.00000 5.70035 5.70035
3.18775 0.00000 3.18775 3.18775
-0.00218 0.00000 -0.00218 -0.00218
1.66912 0.00000 1.66912 1.66912
-0.08980 0.00000 -0.08980 -0.08980
2.18765 0.00000 2.18765 2.18765
7.90373 0.00000 7.90373 7.90373
20.28904 0.00000 20.28904 20.28904
4.34357 0.00000 4.34357 4.34357
3.93792 0.00000 3.93792 3.93792
2.91475 0.00000 2.91475 2.91475
2.56647 0.00000 2.56647 2.56647
8.83075 0.00000 8.83075 8.83075
3.31315 0.00000 3.31315 3.31315
5.39487 0.00000 5.39487 5.39487
4.71675 0.00000 4.71675 4.71675
6.56441 0.00000 6.56441 6.56441
8.04735 0.00000 8.04735 8.04735
12.47280 0.00000 12.47280 12.47280
8.79312 0.00000 8.79312 8.79312
9.23680 0.00000 9.23680 9.23680
9.35923 0.00000 9.35923 9.35923
25.19302 0.00000 25.19302 25.19302
