# avg	std	min	max
1.15443 0.02488 1.11107 1.17458
0.00000 0.00000 -0.00000 0.00000
1.47859 0.18492 1.20762 1.74230
-0.33858 0.00798 -0.34883 -0.32748
0.90720 0.13577 0.79876 1.17145
-0.74385 0.04838 -0.82838 -0.69941
-0.02239 0.03275 -0.06172 0.01723
-0.40413 0.03425 -0.43958 -0.34139
1.96007 0.21985 1.80629 2.39722
1.17579 0.00495 1.17280 1.18567
1.79842 0.17856 1.55589 1.97792
0.89442 0.01481 0.87371 0.91246
-0.13551 0.11274 -0.29246 0.02127
-0.77451 0.01008 -0.79273 -0.76611
0.06151 0.01116 0.04615 0.08087
0.04038 0.00698 0.03263 0.05269
-0.10819 0.02804 -0.15697 -0.07255
0.15591 0.13218 -0.10590 0.24601
0.17063 0.16934 -0.16357 0.30682
0.31852 0.02298 0.28691 0.34172
-0.36709 0.07933 -0.45239 -0.23935
1.40200 0.46883 1.03854 2.31987
-0.77311 0.19563 -1.14443 -0.56401
