# avg	std	min	max
1.19115 0.00000 1.19115 1.19115
-0.00000 0.00000 -0.00000 0.00000
0.81183 0.30001 0.44892 1.12458
0.04272 0.10491 -0.11737 0.13364
0.13666 0.09827 0.02312 0.24978
-0.24426 0.12814 -0.39111 -0.09012
0.29290 0.10578 0.08452 0.37150
0.07726 0.02106 0.03864 0.09656
8.10456 0.35045 7.40391 8.29090
0.47965 0.02664 0.43976 0.50156
1.01843 0.07236 0.92414 1.13500
0.63836 0.16886 0.53629 0.97537
0.37085 0.04972 0.29459 0.41553
0.61197 0.28016 0.27146 1.04772
-0.67798 0.23320 -0.87412 -0.23658
0.16038 0.04726 0.08819 0.22285
0.07093 0.14439 -0.19609 0.23306
0.28047 0.02194 0.24557 0.31195
0.58101 0.02653 0.54892 0.61899
0.37790 0.07394 0.28445 0.44641
0.55690 0.20798 0.32139 0.93672
2.28013 0.25018 1.94240 2.67841
0.27079 0.02272 0.24577 0.30739
