# avg	std	min	max
0.16387 0.04100 0.10301 0.22157
0.04930 0.02121 0.01080 0.07167
1.15055 0.02269 1.11271 1.17891
-0.40955 0.04974 -0.45174 -0.31538
2.34466 0.02636 2.31195 2.39139
-0.43116 0.07643 -0.49828 -0.29876
-0.60625 0.02984 -0.64587 -0.57061
-0.23073 0.04146 -0.27197 -0.16280
9.18606 0.54406 8.38068 9.67383
-0.41185 0.01072 -0.42870 -0.39935
0.06758 0.06683 0.02333 0.20062
-0.71864 0.03023 -0.74047 -0.66061
-1.15692 0.07466 -1.23844 -1.03354
-0.68864 0.25774 -1.04697 -0.45417
-0.38018 0.03568 -0.44268 -0.34555
-0.00345 0.01139 -0.01510 0.01727
-0.21088 0.01733 -0.23276 -0.18710
-0.70446 0.04003 -0.76768 -0.64728
-0.77092 0.04671 -0.82062 -0.69085
-0.67883 0.01154 -0.69393 -0.65831
0.49631 0.01559 0.47094 0.51987
1.25602 0.09867 1.06868 1.34569
-0.16540 0.02008 -0.20380 -0.14702
