# avg	std	min	max
1.76782 0.00000 1.76782 1.76782
0.34168 0.00015 0.34156 0.34190
-0.40212 0.06713 -0.52833 -0.35128
-1.05310 0.01658 -1.07015 -1.02225
-0.19316 0.33488 -0.41768 0.47315
-0.78745 0.10350 -0.91510 -0.66053
-0.78865 0.04937 -0.88509 -0.75147
1.00015 0.12354 0.84935 1.15284
4.64274 0.73480 4.17166 6.09616
1.52290 0.19219 1.26064 1.67944
0.62671 0.02423 0.59524 0.65901
0.43980 0.05529 0.36655 0.51804
-0.58828 0.17732 -0.80428 -0.33401
1.42686 0.00603 1.41815 1.43454
0.58758 0.10788 0.49093 0.79158
0.00536 0.00278 0.00000 0.00812
0.26784 0.39573 -0.26169 0.73026
-0.32480 0.13817 -0.44495 -0.07140
0.28476 0.06359 0.21429 0.37038
-0.44062 0.12668 -0.54798 -0.19174
1.78774 0.67096 0.89505 2.66314
2.42373 0.09874 2.27978 2.56489
-0.78798 0.25404 -1.25814 -0.57520
