# avg	std	min	max
2.15650 0.01706 2.12884 2.18050
1.36383 0.03006 1.32224 1.40695
1.69564 0.01252 1.67891 1.71452
1.15042 0.01489 1.12531 1.17037
1.29800 0.02805 1.26698 1.33785
1.36123 0.04126 1.30002 1.41563
1.59091 0.05954 1.48128 1.65722
1.88074 0.12734 1.75435 2.11291
0.72444 0.14327 0.58592 0.99664
1.85542 0.02901 1.81340 1.88879
1.76786 0.02380 1.73319 1.80288
1.74967 0.04029 1.71294 1.80242
1.71630 0.03082 1.66646 1.76329
0.59827 0.00389 0.59408 0.60360
1.63363 0.03487 1.59293 1.67893
-0.00392 0.00374 -0.00834 0.00000
1.15559 0.02312 1.13253 1.19811
1.41750 0.04685 1.37277 1.48679
1.14622 0.13595 0.95742 1.31506
2.03892 0.04156 1.97843 2.10803
1.27769 0.00863 1.26910 1.29243
1.58318 0.05601 1.52149 1.67832
1.66290 0.05511 1.57119 1.72893
