# avg	std	min	max
0.93401 0.06553 0.81046 1.00037
-0.03868 0.05234 -0.11114 0.03169
1.25968 0.50906 0.69110 2.16121
0.23119 0.03420 0.17684 0.27074
1.62923 0.41160 1.06400 2.11417
-0.19228 0.05920 -0.26902 -0.11655
2.00946 0.79176 0.54047 2.85328
4.35454 0.86975 3.24493 5.49491
5.14002 0.05264 5.07098 5.21050
0.28512 0.15068 -0.00473 0.42983
1.31543 0.68724 0.75115 2.66896
-0.09952 0.16221 -0.41741 0.03387
2.71328 0.27092 2.40309 3.19072
0.85017 0.32151 0.23378 1.15057
0.28559 0.16409 0.06544 0.51792
-0.13672 0.24286 -0.58253 0.14496
0.27327 0.08943 0.11841 0.38811
0.12668 0.10912 -0.08465 0.20863
0.60207 0.10717 0.42095 0.74799
3.66104 0.59202 2.58274 4.18153
1.67310 0.39041 1.27218 2.26897
3.99363 0.62406 3.22899 4.91186
4.75656 0.80310 3.22846 5.52346
