# avg	std	min	max
1.02813 0.00000 1.02813 1.02813
-0.13810 0.02183 -0.17051 -0.12052
-0.04057 0.22283 -0.45226 0.22137
-1.69524 0.08793 -1.80343 -1.57353
-0.70941 0.07685 -0.76916 -0.55930
-1.90387 0.01721 -1.92911 -1.87625
-1.37003 0.38398 -1.68950 -0.89120
-1.27588 0.12851 -1.53045 -1.19680
-0.51238 0.00441 -0.51722 -0.50416
0.38155 0.10415 0.29600 0.50911
0.44549 0.05170 0.34342 0.48687
-0.00557 0.00001 -0.00558 -0.00556
-0.86085 0.04945 -0.93084 -0.81488
-0.02793 0.00813 -0.03591 -0.01761
-0.41209 0.00590 -0.42337 -0.40734
0.00039 0.00078 -0.00000 0.00194
-0.67137 0.03585 -0.73616 -0.63058
-0.94940 0.01507 -0.96078 -0.92068
-0.81687 0.20159 -1.21784 -0.67932
-0.16106 0.00394 -0.16620 -0.15416
-0.13272 0.06578 -0.22876 -0.06707
0.54874 0.22124 0.38744 0.98577
-0.94778 0.03287 -0.98380 -0.89169
