# avg	std	min	max
1.02744 0.00656 1.01773 1.03419
0.21428 0.00751 0.20642 0.22795
0.39535 0.01131 0.37857 0.40821
-0.22586 0.02659 -0.25520 -0.17577
-0.16055 0.01007 -0.17333 -0.14641
-0.27509 0.00172 -0.27744 -0.27250
0.22455 0.01055 0.20448 0.23454
0.11596 0.19914 -0.26840 0.29824
3.49168 0.04501 3.45173 3.54940
0.72199 0.00349 0.71609 0.72582
0.78124 0.00467 0.77304 0.78570
0.60529 0.04673 0.57545 0.69824
0.21209 0.02606 0.18648 0.25848
0.42388 0.01353 0.40806 0.44829
-0.13441 0.01221 -0.15066 -0.11464
0.57836 0.00848 0.56488 0.58974
-0.00830 0.01731 -0.02710 0.01619
0.04844 0.02628 -0.00279 0.06824
0.10388 0.01126 0.08849 0.11818
0.54404 0.00868 0.53481 0.55926
0.44889 0.00884 0.43461 0.46204
0.60315 0.01498 0.58488 0.62723
-0.12064 0.13873 -0.27959 0.05762
