# avg	std	min	max
1.65124 0.04732 1.60819 1.73875
0.91419 0.05536 0.82264 0.99022
0.87606 0.02247 0.84364 0.89848
-0.16117 0.05489 -0.22197 -0.06796
0.74895 0.01858 0.72470 0.77560
-0.12648 0.16668 -0.30237 0.09162
0.56003 0.21943 0.26664 0.82178
1.19196 0.01952 1.16764 1.21590
-0.83027 0.04230 -0.88211 -0.75448
1.20720 0.05119 1.16818 1.30634
1.27185 0.01388 1.25150 1.28720
1.26006 0.02248 1.23495 1.29041
0.44480 0.07753 0.38940 0.59719
1.30327 0.05246 1.20152 1.34729
0.36965 0.05999 0.25017 0.40975
0.44341 0.01500 0.42633 0.46736
-0.00827 0.00474 -0.01344 0.00000
0.12025 0.10051 0.01968 0.30429
0.48178 0.03693 0.44078 0.54134
1.42581 0.03446 1.38315 1.47184
0.46847 0.03757 0.40968 0.51872
0.96601 0.03600 0.91924 1.02548
0.64434 0.13064 0.49981 0.88062
