# avg	std	min	max
6.81193 0.00129 6.80951 6.81328
5.21934 0.00839 5.20443 5.22659
3.22013 0.00417 3.21477 3.22599
2.58639 0.37850 2.13542 3.20140
3.27021 0.07126 3.22043 3.41182
1.26907 0.04345 1.19431 1.32519
-0.00376 0.00478 -0.01060 0.00050
1.64261 0.34165 1.13679 2.14229
3.41268 0.10479 3.22256 3.53344
6.43774 0.00415 6.43355 6.44486
4.77322 0.05323 4.71308 4.85369
4.52061 0.02929 4.48836 4.56945
1.18256 0.42885 0.70001 1.89034
5.52076 0.00594 5.51156 5.52885
4.47723 0.16495 4.28322 4.72041
6.61227 0.02281 6.56723 6.62718
5.10741 0.02283 5.07017 5.14043
4.76503 0.15886 4.54072 4.93853
7.02389 1.01583 5.55807 8.67005
4.07822 0.01672 4.04962 4.09503
10.50738 0.18148 10.31430 10.84130
11.27157 0.93580 9.54813 12.30660
17.79622 2.62542 14.76760 21.90060
