# avg	std	min	max
4.92805 0.21914 4.54413 5.12444
3.05053 0.03438 3.01928 3.11512
0.78729 0.11295 0.59244 0.89971
1.43908 0.24888 1.06536 1.75774
0.43719 0.13365 0.18299 0.57186
1.67600 0.29051 1.15353 2.00876
-0.17461 0.12058 -0.38176 -0.05454
1.61164 0.54601 1.09660 2.60703
7.39578 0.28203 7.00584 7.74552
4.01324 0.16872 3.91439 4.34873
2.29723 0.14248 2.01851 2.40696
2.26394 0.21559 1.85121 2.44799
0.38966 0.05198 0.31589 0.44980
3.05487 0.62111 2.27389 3.62193
2.60454 0.17450 2.27423 2.76295
5.21866 0.13557 5.00929 5.42227
5.10702 0.28512 4.75595 5.59980
1.32674 0.51474 0.62520 1.93364
2.34568 0.40930 1.74186 2.88167
2.19613 0.09812 2.01709 2.31481
8.55824 0.12841 8.32145 8.70664
8.86442 0.29459 8.39089 9.26990
3.85974 0.23893 3.56888 4.23603
