# avg	std	min	max
0.00000 0.00000 0.00000 0.00000
1.72145 0.18838 1.44720 1.95063
4.28635 1.50049 2.80058 6.15873
0.21019 0.09896 0.09511 0.35895
3.28930 0.23289 2.91863 3.51159
1.17918 1.07172 0.55321 3.31733
1.70159 1.67043 -0.51021 3.71731
6.17077 4.14882 1.19046 10.54610
2.39474 0.38168 1.86508 2.78084
1.69942 0.20750 1.41233 2.01639
5.08989 0.92841 3.63467 6.19688
2.54662 0.10641 2.33463 2.61492
2.35774 1.75797 0.23913 4.74612
1.66337 0.58516 1.01381 2.46038
2.18245 0.34681 1.76761 2.76479
0.58231 0.26288 0.29980 1.06566
2.52667 0.59293 1.81483 3.60613
2.80417 1.26037 2.04515 5.31443
1.46473 1.22511 -0.01817 3.29004
1.96177 1.29516 1.06510 4.51901
4.23272 0.50231 3.66850 5.12626
8.36436 0.93814 7.13277 9.94094
6.68693 2.46218 4.49748 10.81570
