# avg	std	min	max
0.00000 0.00000 0.00000 0.00000
2.23625 0.00000 2.23625 2.23625
3.50583 0.00054 3.50525 3.50660
2.41371 0.01983 2.38974 2.44616
4.88764 0.01131 4.87406 4.90151
2.46937 0.00072 2.46847 2.47026
2.23233 0.00435 2.22472 2.23576
2.34484 0.00737 2.33231 2.35100
6.21400 0.12072 6.08927 6.42016
2.22393 0.01157 2.20079 2.22989
2.99721 0.06071 2.93586 3.07260
2.41169 0.00003 2.41166 2.41175
2.24680 0.00441 2.24372 2.25554
1.92657 0.00414 1.92301 1.93257
1.79532 0.00888 1.78581 1.81219
2.36059 0.00310 2.35881 2.36678
2.46981 0.00982 2.45107 2.47781
0.70297 0.02728 0.65530 0.73002
0.80221 0.14438 0.58942 0.95979
1.91157 0.00662 1.90010 1.92075
2.67251 0.00030 2.67217 2.67287
4.04994 0.02647 3.99738 4.06657
2.33739 0.01608 2.32310 2.36659
