# avg	std	min	max
0.00000 0.00000 0.00000 0.00000
2.55087 0.00000 2.55087 2.55087
4.61666 0.00016 4.61649 4.61690
3.92284 0.00343 3.91597 3.92464
4.62147 0.00220 4.61877 4.62402
3.35392 0.24399 2.87869 3.57240
3.82609 0.00750 3.81660 3.83884
3.27839 0.31918 2.84778 3.63350
5.37956 0.00963 5.36923 5.39410
2.58039 0.00948 2.57168 2.59200
3.15241 0.05404 3.08496 3.19654
2.53227 0.00302 2.52849 2.53690
3.83922 0.00632 3.83139 3.84470
2.48896 0.00216 2.48718 2.49233
3.70822 0.23383 3.25086 3.86981
2.53484 0.00084 2.53429 2.53649
3.89804 0.00607 3.89108 3.90684
2.48885 0.01384 2.46924 2.50386
2.29890 0.07304 2.21828 2.38998
3.91874 0.00465 3.91121 3.92462
2.77475 0.01671 2.75624 2.80573
3.67894 0.03372 3.63992 3.72088
3.73610 0.01917 3.71635 3.77109
