# avg	std	min	max
0.50852 0.03615 0.43640 0.52929
-0.59274 0.02479 -0.61253 -0.54441
-0.62027 0.18744 -0.82866 -0.40152
-1.89171 0.01166 -1.91172 -1.88048
-1.27423 0.00742 -1.28354 -1.26140
-2.08473 0.00390 -2.08955 -2.07854
-1.86013 0.12318 -2.10566 -1.78435
-1.55124 0.19022 -1.71962 -1.18713
-0.21741 0.05693 -0.26679 -0.11109
0.01000 0.05945 -0.10881 0.04287
-0.65564 0.07377 -0.73328 -0.52030
-0.41115 0.02325 -0.44839 -0.38145
-1.78155 0.15583 -2.09281 -1.68858
-0.10603 0.10594 -0.31761 -0.04759
-0.59593 0.03570 -0.62670 -0.52701
0.68699 0.02327 0.64084 0.70290
-0.57665 0.02019 -0.61292 -0.55640
-1.31179 0.05554 -1.40957 -1.23713
-0.73704 0.02833 -0.79233 -0.71313
-0.02264 0.02026 -0.05574 -0.00492
0.45910 0.01729 0.43442 0.48461
0.84987 0.67862 0.39143 2.18204
-2.39594 0.17083 -2.51013 -2.05585
