# avg	std	min	max
0.32598 0.02122 0.29196 0.35702
0.03568 0.01182 0.01793 0.05060
0.91313 0.03394 0.85021 0.94267
-1.14406 0.04956 -1.18699 -1.04690
0.48128 0.00836 0.46491 0.48791
-0.48800 0.05846 -0.57291 -0.43332
-0.63929 0.02691 -0.67168 -0.59558
-0.59242 0.08454 -0.67359 -0.43633
-0.30611 0.18781 -0.49172 0.02985
-0.31357 0.00436 -0.31903 -0.30804
0.85253 0.00353 0.84893 0.85834
0.30627 0.01089 0.29317 0.32306
-0.58657 0.00913 -0.60326 -0.57743
-0.48262 0.01431 -0.50955 -0.46694
-0.12109 0.10101 -0.25428 -0.02552
-0.56057 0.01839 -0.59384 -0.53992
-0.17506 0.02600 -0.19819 -0.12882
-0.52985 0.01779 -0.55424 -0.49884
-0.34529 0.01513 -0.36355 -0.32617
-0.01534 0.02227 -0.04516 0.01871
-0.56784 0.00842 -0.57828 -0.55347
1.22439 0.10279 1.06788 1.36906
-0.94532 0.02456 -0.98461 -0.91817
