# avg	std	min	max
4.95524 0.00000 4.95524 4.95524
3.35756 0.00000 3.35756 3.35756
0.50403 0.00203 0.50130 0.50649
2.19457 0.68522 1.65815 3.54098
0.00066 0.00080 -0.00000 0.00170
3.50934 0.33762 3.18509 4.15478
4.29229 1.05391 2.43140 5.49817
7.24709 1.17456 5.22292 8.72629
5.29839 0.24867 5.15808 5.79459
3.92138 0.16470 3.64401 4.16269
2.11362 0.00095 2.11276 2.11540
2.77787 0.00088 2.77704 2.77930
4.62063 0.33517 4.21490 5.13724
4.14230 0.06115 4.09169 4.25875
5.04457 0.25663 4.76964 5.48794
6.41497 0.11402 6.27615 6.60993
6.19548 0.51556 5.35035 6.78213
4.57597 0.64371 3.65967 5.43779
5.06083 0.59756 4.30065 5.69724
6.45335 2.11448 5.30812 10.67900
9.58119 0.05314 9.51195 9.65611
8.80839 0.33017 8.15850 9.06846
6.48816 1.31222 4.82881 8.35776
