# avg	std	min	max
3.90761 0.00304 3.90324 3.91019
3.08483 0.00511 3.07469 3.08784
0.66135 0.00782 0.65274 0.67587
-0.53503 0.00757 -0.54682 -0.52514
-0.00553 0.00665 -0.01376 -0.00000
0.09096 0.05620 0.01350 0.17904
-0.01533 0.00705 -0.02830 -0.00752
1.04859 0.03979 1.00746 1.11668
4.58444 0.00270 4.58101 4.58922
3.06111 0.15098 2.93619 3.24605
1.71879 0.00703 1.70859 1.72753
2.02405 0.00651 2.01490 2.03051
0.62387 0.01507 0.61266 0.65263
2.62038 0.10575 2.50787 2.75618
2.48295 0.01799 2.46651 2.51786
2.43179 0.01956 2.39743 2.45601
2.33113 0.09905 2.22829 2.45318
1.62517 0.06164 1.54456 1.68686
2.34826 0.13541 2.24847 2.61399
2.14599 0.17208 1.98927 2.36225
3.32475 0.13489 3.17479 3.57393
3.51997 0.23658 3.19087 3.91062
-0.29798 0.17474 -0.43202 0.04241
