# avg	std	min	max
3.97718 0.07895 3.86062 4.06182
3.03081 0.07057 2.92604 3.10522
0.73917 0.06067 0.62845 0.79644
0.41608 0.05203 0.37262 0.51523
-0.00827 0.00997 -0.02327 0.00000
1.33744 0.29750 0.91326 1.68594
2.13990 0.13132 1.99403 2.38210
4.10571 0.43229 3.59392 4.83841
6.22545 0.02053 6.19887 6.24710
3.04373 0.02861 3.01250 3.09771
1.61184 0.12648 1.44563 1.83623
1.97100 0.03529 1.92634 2.01459
3.52702 0.51043 2.55653 4.00757
3.53670 0.01087 3.52197 3.55082
3.87574 0.50094 3.07980 4.57819
5.07173 0.27617 4.73056 5.40916
4.37413 0.08413 4.22979 4.48317
6.61969 0.38635 5.87979 6.92589
5.01016 0.66468 3.86793 5.73002
7.62327 1.58527 5.88848 10.19920
7.72563 0.18896 7.59646 8.09871
8.60723 0.31374 8.26559 9.02097
6.35385 1.41044 4.63437 8.21453
