# avg	std	min	max
6.37075 0.02574 6.32865 6.40502
4.58386 0.03127 4.54542 4.61299
1.38972 0.01104 1.37443 1.40755
1.14691 0.09414 0.96605 1.22456
-0.00606 0.02211 -0.03514 0.03029
1.20590 0.10583 1.10587 1.39241
8.73045 0.49163 7.82243 9.23971
17.39440 4.90559 13.18930 26.65990
6.99700 0.30974 6.37808 7.16896
5.98184 0.01778 5.95977 6.00201
4.03354 0.00518 4.02551 4.03918
3.61183 0.02425 3.56709 3.63888
15.58340 2.02403 13.02800 18.54980
4.74706 0.01386 4.72365 4.76605
5.76152 0.58391 4.88282 6.71547
6.96883 0.01083 6.95471 6.98579
6.45258 0.05956 6.34318 6.50849
6.42493 0.73171 5.53914 7.49867
8.66703 0.73130 7.60174 9.61580
9.65747 1.12553 8.40211 11.44090
12.96640 0.41022 12.57060 13.75440
11.77444 0.35121 11.35320 12.39510
43.35024 5.19025 33.52020 48.03540
