# avg	std	min	max
5.75775 0.01856 5.73614 5.78947
4.07050 0.01443 4.04187 4.08105
1.12184 0.00620 1.11597 1.13202
0.96778 0.11878 0.86804 1.19948
-0.01427 0.00855 -0.02717 -0.00424
0.15753 0.01846 0.13168 0.18472
7.84025 1.34226 5.82779 9.47747
13.99538 2.18642 10.40080 16.54650
4.91528 0.01863 4.89451 4.94394
5.44522 0.00632 5.43304 5.45132
3.51456 0.00904 3.50272 3.52629
3.22988 0.01170 3.21597 3.24599
12.32482 0.77467 11.04130 13.07510
4.36019 0.04254 4.30853 4.43701
4.01415 0.00539 4.00788 4.02241
6.07766 0.07040 5.99796 6.19459
5.40644 0.00877 5.39601 5.42044
5.37458 0.41788 4.97013 5.93065
7.83934 0.41904 7.16595 8.30729
7.08867 0.97129 6.53217 9.02529
10.47536 0.20711 10.25110 10.83370
8.06776 0.07587 8.00021 8.19394
29.50972 4.53365 26.38870 38.50890
