# avg	std	min	max
2.05047 0.21251 1.87984 2.46718
1.17760 0.25029 0.95558 1.56515
0.29107 0.26836 -0.21645 0.55312
-0.25902 0.19161 -0.54733 -0.01882
-0.51201 0.06121 -0.62146 -0.45391
-0.26176 0.17967 -0.38349 0.09420
-0.31420 0.38709 -0.83796 0.28793
0.45346 0.18821 0.31647 0.81749
2.54576 0.13069 2.46168 2.80343
1.83307 0.04984 1.73452 1.86997
1.01386 0.26424 0.67433 1.45491
1.51015 0.13143 1.37795 1.70544
0.07338 0.60173 -0.80618 0.68091
1.84407 0.21954 1.67886 2.27838
0.87696 0.19036 0.73648 1.24370
3.03854 0.16974 2.91542 3.36023
1.44152 0.15900 1.26483 1.74076
-0.01502 0.02676 -0.04626 0.03068
-0.92060 0.18456 -1.14924 -0.71968
1.45332 0.19343 1.16216 1.72369
3.05104 0.12296 2.86207 3.19017
1.86250 0.27239 1.47669 2.13736
0.65278 0.49093 -0.18362 1.27261
