# avg	std	min	max
0.73920 0.02822 0.69103 0.77609
0.22126 0.02733 0.17290 0.24723
-0.13599 0.02927 -0.19378 -0.11298
-0.28390 0.00235 -0.28618 -0.27964
-0.70609 0.05179 -0.78353 -0.63094
-0.70718 0.27640 -1.25162 -0.50309
-0.34641 0.02477 -0.39245 -0.31722
-0.96005 0.02169 -0.98362 -0.93293
-1.09474 0.10796 -1.17277 -0.88422
0.43868 0.02140 0.40507 0.46738
0.09801 0.11381 -0.02456 0.31406
-0.17543 0.08469 -0.27052 -0.01595
-0.27625 0.01333 -0.28792 -0.25744
0.23110 0.03031 0.18852 0.26359
-0.23834 0.04042 -0.27884 -0.16624
-0.27506 0.00840 -0.28377 -0.26100
-0.46579 0.02563 -0.49521 -0.42258
0.01123 0.06068 -0.07385 0.11323
0.31818 0.03358 0.25353 0.34124
0.23519 0.01679 0.20550 0.25612
-0.29624 0.01962 -0.31345 -0.26563
-0.33042 0.03855 -0.38080 -0.26575
-0.82231 0.07962 -0.91204 -0.70545
