# avg	std	min	max
1.18859 0.05802 1.14333 1.28794
0.36830 0.01626 0.35215 0.39667
0.56114 0.00243 0.55826 0.56362
-0.15742 0.01583 -0.18907 -0.14873
-0.01339 0.00421 -0.01594 -0.00502
-0.44110 0.03832 -0.48569 -0.38076
-0.10396 0.01253 -0.12611 -0.08921
-0.00754 0.02323 -0.03537 0.02655
4.52931 0.38098 3.76873 4.76299
0.46888 0.03974 0.42886 0.53165
0.45476 0.02687 0.41624 0.49346
1.09929 0.01094 1.08557 1.10836
0.03129 0.02567 0.00102 0.06398
0.35795 0.00143 0.35672 0.36054
-0.04783 0.05814 -0.11148 0.04822
0.93642 0.07258 0.85701 1.03659
0.33951 0.01322 0.31649 0.35613
0.00308 0.00615 -0.00000 0.01539
0.14049 0.25799 -0.15309 0.44907
0.49811 0.01951 0.47662 0.52615
0.90913 0.12621 0.73803 1.04092
1.08885 0.15748 0.96217 1.36793
0.06724 0.07239 -0.04843 0.17143
