# avg	std	min	max
5.94795 0.01150 5.93019 5.96323
4.00413 0.01762 3.98255 4.03426
1.16898 0.01946 1.14489 1.19175
-0.01234 0.01208 -0.03157 0.00109
0.06925 0.00810 0.05745 0.07897
1.00605 0.05472 0.92278 1.06337
9.34835 1.54688 7.46383 10.78340
19.59114 4.07358 11.47560 22.07670
6.50819 0.11341 6.31520 6.60949
5.32806 0.01072 5.31193 5.33940
3.48923 0.01018 3.47500 3.50619
3.35122 0.00848 3.33626 3.35867
12.94480 2.99831 9.95648 16.62260
4.30088 0.17756 4.07659 4.53397
4.25358 0.38028 3.66907 4.58561
6.78765 0.02764 6.76510 6.84056
6.19000 0.01139 6.17761 6.20769
4.80896 0.94411 3.24274 5.84047
9.48462 2.07920 7.14519 13.14280
8.59310 1.04986 7.55907 10.32670
11.00782 0.07085 10.88680 11.10930
9.23664 0.09898 9.12233 9.37581
35.20188 3.85448 30.81900 40.50980
