# avg	std	min	max
5.32511 0.03962 5.27792 5.37232
3.43351 0.04965 3.33939 3.48768
1.72039 0.02353 1.70399 1.76700
-0.06685 0.02608 -0.10110 -0.03626
1.81533 0.17671 1.52191 2.06089
0.06947 0.16054 -0.07644 0.35276
4.27491 0.89528 3.12684 5.63369
10.49679 1.81669 7.90711 12.21450
1.37739 0.02252 1.34269 1.40569
4.04948 0.06163 3.99341 4.16814
2.98554 0.04895 2.92275 3.05474
3.58023 0.01017 3.56430 3.59369
13.27572 0.85452 11.84730 14.08000
4.32976 0.14459 4.10806 4.53224
3.73182 0.03534 3.68361 3.77696
4.66683 0.05568 4.56948 4.71927
4.75073 0.06899 4.68104 4.85970
5.70433 0.48597 5.23233 6.63222
7.11610 0.36561 6.40731 7.45334
7.25787 1.06063 5.94731 8.72365
8.75052 0.08972 8.59384 8.83900
9.24670 0.40464 8.88265 10.01760
31.17834 1.80418 29.48370 34.23650
