# avg	std	min	max
3.71350 0.08363 3.56599 3.82570
3.50777 0.06901 3.43494 3.63105
3.67177 0.70263 2.27972 4.17755
-0.00547 0.06921 -0.12109 0.04844
4.33784 0.29159 3.76107 4.56330
0.02904 0.01509 0.00730 0.05076
-0.55934 0.77312 -1.01423 0.98173
4.49646 1.96914 3.15826 8.35209
4.43939 0.09848 4.32388 4.59413
4.24210 0.04445 4.19513 4.32036
4.19935 0.09839 4.07492 4.31321
2.67838 0.06327 2.58915 2.75076
1.72263 1.37868 0.26178 3.45646
2.51684 0.10127 2.35148 2.64680
2.12599 0.06696 2.04600 2.22372
4.14769 0.18345 3.99038 4.50124
3.84094 0.30876 3.53266 4.22847
1.52855 0.35938 1.21934 2.21175
1.90981 0.41330 1.14343 2.34657
2.82200 0.05137 2.75991 2.90246
7.04176 0.40609 6.64401 7.56402
8.64250 0.34631 7.99644 8.97077
11.93206 4.28607 9.04290 20.44260
