# avg	std	min	max
4.56445 0.02922 4.51788 4.60893
2.80759 0.03058 2.76980 2.85287
2.91926 0.29662 2.58611 3.46841
0.67316 0.33487 0.39720 1.08438
1.73939 0.31106 1.36656 2.28880
-0.00493 0.00025 -0.00505 -0.00443
1.10143 0.18537 0.91885 1.43972
10.35345 1.64371 7.43265 12.53930
7.04546 0.13400 6.91506 7.29933
3.32377 0.00447 3.31784 3.32819
2.74787 0.28935 2.42222 3.12236
2.20933 0.00933 2.19366 2.22002
5.93367 0.23235 5.54956 6.18261
3.98793 0.01300 3.97453 4.00441
2.81447 0.01849 2.78314 2.83412
4.18154 0.01395 4.16564 4.20762
4.17091 0.01708 4.15146 4.19399
3.09058 0.20431 2.90611 3.47800
4.43160 0.32286 3.88954 4.74974
1.64110 0.05286 1.59231 1.71713
7.32417 0.01912 7.29914 7.34869
7.41877 1.07849 5.92486 8.36569
27.23828 2.09346 23.67350 29.16300
