# avg	std	min	max
2.11704 0.06179 2.00949 2.17691
1.38017 0.03733 1.32893 1.42475
0.60114 0.02282 0.56786 0.63640
-0.41090 0.02983 -0.46536 -0.37800
0.03527 0.03959 -0.02661 0.07953
-0.53295 0.10041 -0.65217 -0.35951
0.75453 0.20080 0.42695 0.97620
1.16456 0.13437 0.94178 1.35690
2.02512 0.08837 1.91322 2.15035
1.19197 0.15640 1.07104 1.50104
0.07760 0.21654 -0.34514 0.21906
1.00013 0.08521 0.91617 1.10976
1.00822 1.01271 -0.42087 2.16329
-0.03089 0.01500 -0.04657 -0.00605
0.95196 0.08859 0.86313 1.10725
1.98442 0.04334 1.93139 2.06394
1.50784 0.12192 1.34588 1.64692
0.52718 0.10787 0.39133 0.71966
0.57352 0.17767 0.35147 0.87779
1.81027 0.18349 1.53819 2.02840
2.31168 0.18329 2.01864 2.55287
1.74705 0.10477 1.62695 1.91522
0.80364 1.08598 -0.14876 2.34688
