# avg	std	min	max
1.46238 0.05188 1.40192 1.54881
1.33591 0.03014 1.30363 1.38072
1.49036 0.00469 1.48279 1.49512
1.15956 0.13883 0.98465 1.33979
1.06306 0.00447 1.05693 1.06943
0.74454 0.03655 0.68065 0.78854
1.20191 0.14509 1.06705 1.47853
1.35113 0.04565 1.26852 1.40052
-0.00043 0.00333 -0.00263 0.00616
1.77240 0.12676 1.65409 2.01064
1.90627 0.02795 1.87079 1.93089
1.31086 0.00353 1.30452 1.31423
1.19589 0.03916 1.14850 1.25685
1.32537 0.05440 1.25663 1.38488
1.12862 0.10066 1.03076 1.31514
1.75553 0.09698 1.63902 1.90712
0.78845 0.01975 0.76723 0.81788
1.54079 0.01944 1.52002 1.57540
1.45507 0.03489 1.42705 1.52321
1.17538 0.04493 1.11239 1.22955
1.42981 0.04394 1.35432 1.47336
2.02319 0.01873 1.99608 2.04278
0.98499 0.31892 0.57510 1.34976
