# avg	std	min	max
1.23747 0.06648 1.10610 1.28126
0.85331 0.05737 0.73879 0.88730
1.36287 0.38467 1.00658 2.08586
0.45866 0.16944 0.16277 0.67086
0.85103 0.20594 0.45998 1.06550
0.27280 0.14953 0.06327 0.44153
0.66504 0.32153 0.29275 1.08911
0.97963 0.08899 0.80379 1.04644
-0.02092 0.01612 -0.03505 -0.00050
1.14572 0.05506 1.03699 1.18789
1.58625 0.14305 1.39585 1.71983
1.13225 0.09513 1.00230 1.21862
0.99308 0.24546 0.66573 1.42854
1.48693 0.14209 1.29809 1.60774
1.04620 0.31334 0.45130 1.37751
1.36356 0.22101 1.02355 1.55334
0.63127 0.25108 0.19545 0.98071
0.52633 0.25638 0.14209 0.91568
0.93359 0.23995 0.71146 1.36654
1.22767 0.24187 0.99987 1.67452
1.02826 0.10861 0.83070 1.12764
1.42459 0.08704 1.29252 1.53079
0.09950 0.37083 -0.58010 0.50524
