# avg	std	min	max
0.97957 0.04098 0.89906 1.00674
0.59205 0.03221 0.53654 0.63624
0.41114 0.09989 0.30647 0.60076
-0.21175 0.02553 -0.22581 -0.16070
0.16247 0.00213 0.16112 0.16670
-0.61893 0.04408 -0.66957 -0.55929
0.42160 0.07105 0.31160 0.52231
0.13090 0.08598 0.05198 0.28913
-0.95470 0.10521 -1.07891 -0.76082
0.52465 0.06304 0.39969 0.57215
0.79995 0.04824 0.74760 0.88576
0.21235 0.05086 0.16036 0.30223
0.29842 0.14053 0.06599 0.44508
0.28143 0.01189 0.26744 0.30277
0.01217 0.02433 0.00000 0.06083
0.68968 0.01103 0.68174 0.71105
-0.12378 0.00798 -0.13084 -0.10877
-0.01327 0.10459 -0.12366 0.17455
0.24232 0.07701 0.14520 0.36286
1.00471 0.06744 0.91321 1.08901
-0.01453 0.11063 -0.18283 0.13623
1.35334 0.16351 1.04324 1.49107
0.10393 0.08025 -0.00469 0.23527
