# avg	std	min	max
0.73686 0.00000 0.73686 0.73686
0.22080 0.00000 0.22080 0.22080
0.51180 0.01959 0.49460 0.53643
-0.66964 0.06900 -0.76429 -0.60079
0.14055 0.04354 0.07036 0.18851
-0.47102 0.04284 -0.54460 -0.42510
-0.44228 0.01561 -0.45034 -0.41106
0.15003 0.00795 0.14370 0.16483
0.90092 0.58656 0.29910 1.65025
-0.06791 0.00100 -0.06907 -0.06646
0.51878 0.00015 0.51861 0.51899
-0.06638 0.39711 -0.40534 0.41989
-0.29418 0.01873 -0.31081 -0.27104
0.28813 0.05470 0.20597 0.35686
-0.03775 0.00000 -0.03775 -0.03775
0.57818 0.01367 0.55697 0.59429
0.30475 0.01862 0.27214 0.32370
-0.32200 0.05059 -0.41580 -0.26651
-0.66650 0.25421 -1.16176 -0.46644
-0.09003 0.00314 -0.09230 -0.08392
0.62444 0.00521 0.61929 0.63449
0.78522 0.01096 0.76997 0.80391
-0.24887 0.02659 -0.27323 -0.19809
