# avg	std	min	max
0.04254 0.00173 0.03962 0.04496
-0.15454 0.00254 -0.15939 -0.15227
0.49430 0.00363 0.48922 0.50004
0.29048 0.05167 0.25299 0.39309
0.82745 0.00030 0.82694 0.82782
-0.13989 0.09161 -0.24299 -0.02423
-0.04801 0.03263 -0.09537 -0.00839
-0.11465 0.01718 -0.13499 -0.08854
-0.70248 0.00841 -0.71683 -0.69313
0.14360 0.00283 0.14052 0.14729
0.40673 0.00161 0.40483 0.40918
0.07582 0.01069 0.06213 0.08770
0.28771 0.27175 -0.07229 0.56466
-0.08273 0.06144 -0.14109 -0.00303
0.01199 0.01673 0.00000 0.04264
0.16030 0.00938 0.14601 0.16943
0.11839 0.00108 0.11710 0.11982
0.08984 0.24529 -0.11834 0.43563
-0.15251 0.01669 -0.17376 -0.13666
0.30851 0.03265 0.27851 0.37076
0.75680 0.05144 0.72450 0.85913
0.54500 0.16579 0.45261 0.87615
-0.18013 0.14229 -0.41763 -0.01862
