# avg	std	min	max
4.10893 0.04855 4.04460 4.15188
2.93145 0.00834 2.91476 2.93562
2.50948 0.00606 2.50020 2.51843
1.79534 0.12914 1.63717 1.90089
2.33613 0.08065 2.19204 2.44186
1.54277 0.00715 1.53751 1.55683
2.16902 0.00448 2.16305 2.17371
4.29653 0.12862 4.08229 4.48793
4.81331 0.12256 4.65663 4.92826
4.04422 0.00069 4.04354 4.04512
3.84706 0.06234 3.72380 3.89470
3.48166 0.00000 3.48166 3.48166
2.86362 0.00268 2.86055 2.86841
3.86788 0.03701 3.80309 3.90373
2.54582 0.09925 2.45137 2.73311
4.78507 0.01460 4.76602 4.80209
3.19336 0.00635 3.18876 3.20577
2.04307 0.03294 1.99609 2.09269
-0.00000 0.00000 -0.00000 -0.00000
2.32830 0.07666 2.24213 2.45295
4.91129 0.03165 4.86927 4.96243
4.45856 0.19910 4.27193 4.77654
4.30595 0.31056 3.69592 4.56013
