# avg	std	min	max
0.85004 0.03149 0.78734 0.87053
0.35645 0.00066 0.35513 0.35678
1.06462 0.19651 0.96288 1.45763
0.70776 0.00932 0.69868 0.71925
1.18131 0.23075 0.71984 1.29955
0.90836 0.03661 0.85796 0.96411
0.90566 0.01716 0.88046 0.92280
0.86965 0.00773 0.85992 0.87895
0.66041 0.02591 0.62056 0.69572
0.23453 0.00035 0.23384 0.23482
0.71589 0.00128 0.71413 0.71708
0.63334 0.00425 0.62689 0.63741
0.93271 0.00950 0.91378 0.93893
0.62549 0.00543 0.61823 0.63167
0.39369 0.09905 0.19672 0.45769
0.01374 0.02969 -0.04149 0.04352
0.13044 0.01330 0.11916 0.15020
0.19374 0.02809 0.16521 0.24466
-0.00161 0.00000 -0.00161 -0.00161
0.83057 0.01979 0.81254 0.85523
-0.17151 0.00584 -0.18041 -0.16572
0.99942 0.34414 0.71237 1.42243
0.72013 0.02848 0.67313 0.75576
