# avg	std	min	max
2.39370 0.21862 2.13561 2.79627
1.49465 0.55590 0.93795 2.21645
0.94333 0.36027 0.40085 1.44751
-0.53837 0.13877 -0.66386 -0.27809
0.90358 0.42624 0.48644 1.51459
-0.39637 0.54395 -1.03901 0.42939
-0.70603 0.37507 -1.39782 -0.36094
2.12149 0.31606 1.56520 2.43228
6.49993 1.00071 5.03384 7.93632
1.52867 0.59898 0.73079 2.50264
1.65667 0.57493 0.80815 2.29177
0.85270 0.06906 0.79180 0.97137
-0.58453 0.42127 -0.93969 -0.03611
2.03004 0.38282 1.31763 2.47565
1.23294 0.54732 0.55554 1.88387
2.21345 0.45770 1.77215 3.02061
1.50271 0.47605 1.06405 2.18462
0.03312 0.36827 -0.39867 0.65292
-0.63536 0.32201 -0.89252 -0.01384
1.60842 0.29899 1.01445 1.81775
3.43144 0.39994 3.01289 3.95927
5.03213 0.61436 4.30469 5.83410
-1.00262 0.55420 -1.71704 -0.38596
