# avg	std	min	max
1.08246 0.10571 0.94548 1.17740
0.14424 0.09253 -0.01060 0.23680
0.32911 0.10410 0.16053 0.44477
0.00423 0.22394 -0.34888 0.19701
0.07113 0.10374 -0.04321 0.19495
-0.38905 0.07796 -0.52565 -0.31368
-0.33059 0.14090 -0.50981 -0.09743
0.10222 0.10987 -0.01747 0.27948
0.34295 0.16362 0.02815 0.47356
0.00047 0.00049 -0.00000 0.00134
-0.37439 0.02400 -0.41771 -0.35408
0.62251 0.04242 0.55261 0.68166
0.15476 0.18696 -0.03050 0.47346
0.34133 0.06884 0.26971 0.45106
0.04683 0.13318 -0.20270 0.18444
0.71008 0.04288 0.65907 0.77784
0.15440 0.07079 0.03981 0.23382
-0.47850 0.08627 -0.61718 -0.38594
-0.53274 0.23834 -0.98698 -0.28810
0.64551 0.07098 0.51931 0.71055
0.88796 0.10599 0.68890 0.98035
1.49362 0.05675 1.42522 1.59175
0.18406 0.09884 0.08071 0.30984
