# avg	std	min	max
0.38394 0.00069 0.38310 0.38455
-0.81579 0.00074 -0.81668 -0.81508
-1.36940 0.02955 -1.40603 -1.32630
-1.68670 0.06062 -1.74109 -1.56893
-1.69135 0.16285 -1.84694 -1.48026
-1.36109 0.00930 -1.37434 -1.34858
-1.81528 0.27337 -2.16360 -1.32230
-1.00947 0.13367 -1.26253 -0.90292
5.71140 0.05502 5.62150 5.78835
-0.00033 0.00046 -0.00114 0.00003
-0.44999 0.06442 -0.57878 -0.41566
-0.24589 0.01224 -0.26892 -0.23462
-1.78368 0.22088 -1.99516 -1.50974
0.54319 0.04162 0.51104 0.62180
-1.02569 0.00962 -1.03553 -1.00782
-0.51710 0.10368 -0.65974 -0.34196
-1.26269 0.03160 -1.32496 -1.24034
-1.24082 0.06828 -1.28911 -1.10775
-0.57050 0.13289 -0.71158 -0.40973
-0.16977 0.13269 -0.41623 -0.01898
-0.55689 0.06395 -0.64620 -0.45274
-0.26968 0.29168 -0.58008 0.12844
-1.84751 0.14318 -2.01512 -1.61156
