# avg	std	min	max
0.81319 0.10771 0.66134 0.99842
-0.36074 0.09166 -0.47139 -0.24544
-0.60595 0.03875 -0.64194 -0.55805
-1.44972 0.24953 -1.75145 -1.17404
-1.15263 0.01141 -1.16710 -1.13459
-1.62764 0.05882 -1.69915 -1.54565
-0.53443 0.04589 -0.57669 -0.44903
-0.21130 0.03631 -0.26980 -0.15658
3.68505 0.42943 3.08171 4.16603
0.25399 0.28914 -0.17984 0.63336
-0.00820 0.00761 -0.01919 -0.00147
-0.32743 0.02838 -0.37908 -0.29229
-0.42043 0.12306 -0.55985 -0.20320
0.45233 0.18000 0.12621 0.64894
-0.73105 0.02303 -0.77307 -0.71141
0.28867 0.18299 -0.00251 0.49973
-1.05953 0.06346 -1.10893 -0.93408
-0.35899 0.06478 -0.46693 -0.29995
0.05599 0.05621 -0.02350 0.10984
0.35624 0.23448 0.07336 0.78006
-0.96980 0.02615 -1.00149 -0.93955
-0.40438 0.06035 -0.48926 -0.33760
-0.92495 0.07615 -0.99385 -0.79502
