# avg	std	min	max
5.22271 0.04815 5.16744 5.28584
3.15473 0.10535 3.04254 3.32326
2.83694 0.48948 1.99655 3.25667
0.92180 0.16990 0.69194 1.15617
2.81662 0.08335 2.71695 2.94796
0.58495 0.15307 0.38626 0.83430
-0.55018 0.22506 -0.80027 -0.22541
-0.05761 0.23189 -0.36581 0.33620
8.64612 0.24445 8.41880 9.11286
4.07859 0.03677 4.03273 4.12758
3.08725 0.10637 2.91209 3.21841
3.61422 0.04831 3.56471 3.70202
-0.01142 0.00302 -0.01550 -0.00727
4.27949 0.04342 4.25539 4.36623
3.65081 0.38891 3.12965 4.23607
4.53205 0.01002 4.51414 4.53976
4.27108 0.21648 4.00553 4.52602
4.06251 0.16982 3.76549 4.25812
3.34691 1.02690 1.39062 4.35651
2.98855 0.01016 2.97824 3.00534
8.25218 1.05275 7.36074 10.20560
12.91890 1.27630 11.08860 14.69240
5.90200 0.44506 5.23544 6.53039
