TA44A	1.300	0.000	1.300	1.300	15
TA44C	0.790	0.000	0.790	0.790	11
TA44D	1.510	0.000	1.510	1.510	17
TA44E	1.021	0.000	1.021	1.021	12
TA44F	-0.124	0.000	-0.124	-0.124	5
TA44G	2.211	0.000	2.211	2.211	20
TA44H	2.214	0.000	2.214	2.214	21
TA44I	-0.353	0.000	-0.353	-0.353	2
TA44K	0.744	0.000	0.744	0.744	10
TA44L	-1.026	0.000	-1.026	-1.026	1
TA44M	-0.340	0.000	-0.340	-0.340	3
TA44N	0.456	0.000	0.456	0.456	9
TA44P	1.154	0.000	1.154	1.154	13
TA44Q	1.196	0.000	1.196	1.196	14
TA44R	1.479	0.000	1.479	1.479	16
TA44S	1.648	0.000	1.648	1.648	18
TA44V	-0.167	0.000	-0.167	-0.167	4
TA44W	1.903	0.000	1.903	1.903	19
TA44Y	-0.068	0.000	-0.068	-0.068	6
TA45A	0.234	0.000	0.234	0.234	20
TA45C	0.239	0.000	0.239	0.239	21
TA45D	0.106	0.000	0.106	0.106	14
TA45E	-0.064	0.000	-0.064	-0.064	7
TA45F	-0.173	0.000	-0.173	-0.173	2
TA45G	0.156	0.000	0.156	0.156	17
TA45H	0.368	0.000	0.368	0.368	23
TA45I	-0.027	0.000	-0.027	-0.027	10
TA45K	0.107	0.000	0.107	0.107	15
TA45L	-0.063	0.000	-0.063	-0.063	8
TA45M	-0.027	0.000	-0.027	-0.027	9
TA45N	0.179	0.000	0.179	0.179	18
TA45P	-0.065	0.000	-0.065	-0.065	6
TA45Q	0.053	0.000	0.053	0.053	13
TA45R	0.294	0.000	0.294	0.294	22
TA45S	0.195	0.000	0.195	0.195	19
TA45V	0.140	0.000	0.140	0.140	16
TA45W	-0.162	0.000	-0.162	-0.162	3
TA45Y	-0.146	0.000	-0.146	-0.146	4
SA49A	-0.063	0.000	-0.063	-0.063	9
SA49C	0.994	0.000	0.994	0.994	23
SA49D	-0.345	0.000	-0.345	-0.345	5
SA49E	-0.786	0.000	-0.786	-0.786	2
SA49F	-0.066	0.000	-0.066	-0.066	8
SA49G	-0.162	0.000	-0.162	-0.162	6
SA49H	0.991	0.000	0.991	0.991	22
SA49I	0.440	0.000	0.440	0.440	20
SA49K	0.232	0.000	0.232	0.232	15
SA49L	0.288	0.000	0.288	0.288	18
SA49M	0.152	0.000	0.152	0.152	13
SA49N	0.281	0.000	0.281	0.281	17
SA49P	-1.054	0.000	-1.054	-1.054	1
SA49Q	0.252	0.000	0.252	0.252	16
SA49R	0.305	0.000	0.305	0.305	19
SA49T	0.001	0.000	0.001	0.001	12
SA49V	0.768	0.000	0.768	0.768	21
SA49W	-0.395	0.000	-0.395	-0.395	4
SA49Y	0.164	0.000	0.164	0.164	14
TA61A	1.255	0.000	1.255	1.255	16
TA61C	0.821	0.000	0.821	0.821	7
TA61D	1.159	0.000	1.159	1.159	13
TA61E	1.706	0.000	1.706	1.706	20
TA61F	1.206	0.000	1.206	1.206	15
TA61G	1.786	0.000	1.786	1.786	21
TA61H	1.066	0.000	1.066	1.066	11
TA61I	0.517	0.000	0.517	0.517	3
TA61K	0.627	0.000	0.627	0.627	5
TA61L	0.772	0.000	0.772	0.772	6
TA61M	-0.242	0.000	-0.242	-0.242	1
TA61N	1.165	0.000	1.165	1.165	14
TA61P	3.556	0.000	3.556	3.556	23
TA61Q	0.867	0.000	0.867	0.867	9
TA61R	0.523	0.000	0.523	0.523	4
TA61S	0.834	0.000	0.834	0.834	8
TA61V	0.909	0.000	0.909	0.909	10
TA61W	1.562	0.000	1.562	1.562	18
TA61Y	1.335	0.000	1.335	1.335	17
YA63A	0.075	0.000	0.075	0.075	17
YA63C	-0.085	0.000	-0.085	-0.085	8
YA63D	-0.353	0.000	-0.353	-0.353	3
YA63E	-0.033	0.000	-0.033	-0.033	11
YA63F	-0.166	0.000	-0.166	-0.166	5
YA63G	0.941	0.000	0.941	0.941	22
YA63H	-0.104	0.000	-0.104	-0.104	6
YA63I	0.496	0.000	0.496	0.496	19
YA63K	0.090	0.000	0.090	0.090	18
YA63L	-0.055	0.000	-0.055	-0.055	10
YA63M	-0.237	0.000	-0.237	-0.237	4
YA63N	-0.024	0.000	-0.024	-0.024	12
YA63P	3.267	0.000	3.267	3.267	23
YA63Q	0.022	0.000	0.022	0.022	14
YA63R	-0.083	0.000	-0.083	-0.083	9
YA63S	0.068	0.000	0.068	0.068	16
YA63T	0.804	0.000	0.804	0.804	21
YA63V	0.688	0.000	0.688	0.688	20
YA63W	-0.018	0.000	-0.018	-0.018	13
YA67A	-0.050	0.000	-0.050	-0.050	6
YA67C	0.623	0.000	0.623	0.623	20
YA67D	0.996	0.000	0.996	0.996	21
YA67E	0.556	0.000	0.556	0.556	19
YA67F	-0.057	0.000	-0.057	-0.057	5
YA67G	0.551	0.000	0.551	0.551	18
YA67H	0.469	0.000	0.469	0.469	14
YA67I	0.007	0.000	0.007	0.007	8
YA67K	-0.127	0.000	-0.127	-0.127	4
YA67L	0.034	0.000	0.034	0.034	9
YA67M	-0.241	0.000	-0.241	-0.241	2
YA67N	0.524	0.000	0.524	0.524	16
YA67P	-0.319	0.000	-0.319	-0.319	1
YA67Q	0.177	0.000	0.177	0.177	11
YA67R	-0.163	0.000	-0.163	-0.163	3
YA67S	0.470	0.000	0.470	0.470	15
YA67T	0.543	0.000	0.543	0.543	17
YA67V	0.426	0.000	0.426	0.426	13
YA67W	0.267	0.000	0.267	0.267	12
TA44p	0.076	0.000	0.076	0.076	8
TA45p	-0.648	0.000	-0.648	-0.648	1
SA49s	-0.615	0.000	-0.615	-0.615	3
TA61p	1.134	0.000	1.134	1.134	12
YA63y	0.040	0.000	0.040	0.040	15
YA67y	1.319	0.000	1.319	1.319	23
