# avg	std	min	max
1.35243 0.02678 1.31442 1.38953
1.26592 0.13969 0.99920 1.37740
1.55552 0.06403 1.45926 1.65599
0.81375 0.02231 0.77671 0.84645
1.25715 0.08532 1.10877 1.33300
0.51613 0.07946 0.42400 0.64769
1.03988 0.07147 0.93491 1.13845
1.08344 0.03581 1.01451 1.11260
1.27259 0.13424 1.00660 1.37194
1.21110 0.12715 0.96554 1.32978
1.47216 0.08021 1.40171 1.60815
1.02399 0.07983 0.88228 1.12126
1.20148 0.04586 1.14681 1.26455
0.52362 0.04409 0.43673 0.55976
1.32447 0.04173 1.24713 1.35664
-0.02826 0.02037 -0.06480 -0.00964
1.19252 0.15338 0.91398 1.33843
1.05499 0.06347 0.97238 1.12213
1.14452 0.08067 1.04848 1.24295
1.55421 0.03578 1.50823 1.61500
1.35715 0.04047 1.29096 1.40109
1.80402 0.16631 1.60362 2.08176
0.99514 0.06802 0.88408 1.09178
