# avg	std	min	max
2.22044 0.23712 1.84979 2.59723
1.54584 0.19543 1.28975 1.75107
1.36618 0.00240 1.36259 1.36908
0.80721 0.02493 0.77932 0.85272
0.39773 0.02740 0.36594 0.43740
0.87532 0.09717 0.69847 0.95816
0.01094 0.02163 -0.00031 0.05419
1.06223 0.16468 0.81705 1.27048
2.82347 0.23652 2.49306 3.16108
2.47981 0.02730 2.44163 2.52339
1.60690 0.01827 1.58910 1.64197
1.60352 0.17931 1.28697 1.75450
0.05137 0.00900 0.04089 0.06369
2.59184 0.01844 2.55918 2.61623
1.89986 0.24698 1.65539 2.27704
2.12298 0.12217 1.92978 2.23954
2.13986 0.08265 2.00907 2.21154
1.63549 0.04474 1.54822 1.67520
1.69820 0.39719 1.13484 2.12335
2.57627 0.01068 2.56746 2.59535
2.60235 0.09212 2.47419 2.71928
1.68254 0.34275 1.10257 2.00920
0.57631 0.22712 0.28572 0.83454
