# avg	std	min	max
1.76219 0.03281 1.71547 1.81267
1.40219 0.01321 1.38346 1.42276
1.25694 0.04763 1.20543 1.34080
0.49575 0.02965 0.43765 0.52128
1.04179 0.05465 0.96462 1.12702
0.53640 0.04873 0.48528 0.61147
1.64440 0.09585 1.49490 1.77312
1.57397 0.04701 1.49917 1.62279
1.00141 0.03799 0.95497 1.06968
0.95431 0.07323 0.86660 1.08709
0.31061 0.00688 0.29905 0.31924
0.94041 0.01704 0.91563 0.95966
1.58415 0.02926 1.53333 1.62393
0.60194 0.67324 -0.20603 1.34868
0.56700 0.04968 0.52480 0.64977
1.43859 0.12647 1.19971 1.57571
0.71304 0.09727 0.62542 0.90182
-0.07366 0.00000 -0.07366 -0.07366
0.10931 0.02879 0.05551 0.13711
1.74470 0.08813 1.64404 1.89065
1.50988 0.13283 1.38105 1.67507
1.29245 0.08220 1.13847 1.38410
1.20842 0.07185 1.11745 1.33798
