# avg	std	min	max
0.68432 0.02144 0.66003 0.72349
0.05230 0.13320 -0.06308 0.30170
0.12407 0.10252 0.02691 0.28090
-0.33881 0.07857 -0.40845 -0.18721
0.05784 0.04546 0.01205 0.14432
-0.22538 0.05430 -0.31106 -0.14649
3.07633 0.35634 2.71626 3.73284
4.02227 0.51873 3.15801 4.79102
-1.78847 0.10653 -1.87603 -1.58330
0.54471 0.17375 0.30956 0.81867
0.89079 0.04627 0.79848 0.91802
0.56204 0.12693 0.38311 0.76136
2.97402 0.86147 1.83619 4.12761
0.95080 0.31144 0.34553 1.22598
-0.12180 0.24096 -0.55739 0.09567
0.17843 0.37624 -0.23662 0.72881
-1.02442 0.24877 -1.26111 -0.68108
0.01831 0.05295 -0.00817 0.12422
-0.16760 0.16465 -0.37367 0.02970
4.17501 1.28617 1.76611 5.15384
-1.55238 0.95754 -2.20700 0.34153
-0.76329 0.36650 -0.99705 -0.03996
2.71492 0.58965 1.96679 3.63337
