# avg	std	min	max
2.70737 0.07245 2.59523 2.81590
2.09136 0.10434 1.91659 2.21447
1.97019 0.06482 1.88112 2.05866
0.39395 0.08910 0.27719 0.52021
1.01441 0.04063 0.97738 1.09034
-0.08708 0.10037 -0.26827 0.00000
0.64424 0.06710 0.55374 0.71730
2.31130 0.08312 2.23266 2.46226
0.44498 0.12604 0.28040 0.61085
2.53233 0.05197 2.47087 2.60491
2.35162 0.08613 2.25053 2.49093
2.23630 0.09338 2.12567 2.35508
0.79207 0.14498 0.60879 0.98068
1.83514 0.10622 1.66221 1.99667
1.77245 0.29196 1.59171 2.35523
2.45367 0.07106 2.33423 2.52841
1.65302 0.08568 1.57138 1.80592
1.60925 0.15200 1.35403 1.79262
2.25915 0.17389 1.93140 2.41193
2.40586 0.06896 2.32633 2.50296
2.24545 0.12706 2.09793 2.43672
3.56931 0.11985 3.41376 3.68503
1.98776 0.07004 1.89561 2.07873
