# avg	std	min	max
6.07252 0.06895 5.99645 6.17987
4.17527 0.08812 4.01931 4.26391
2.98983 0.36914 2.69770 3.71575
1.39257 0.31723 1.11970 1.82210
2.47441 0.42945 1.92937 3.05563
-0.00499 0.00613 -0.01408 0.00117
12.87920 4.62328 3.82509 16.39010
13.79646 2.73552 9.70601 18.16740
10.03800 0.19452 9.86015 10.40400
5.63774 0.29920 5.04204 5.81526
5.72734 0.07868 5.61730 5.81593
3.31222 0.59328 2.80280 4.05112
19.02280 2.17159 15.38600 21.46540
3.90861 0.05813 3.82262 4.00402
4.19374 0.44264 3.45282 4.65575
7.44378 0.02750 7.40307 7.47778
6.46506 0.04181 6.41675 6.54122
4.54696 0.31975 3.95872 4.93683
7.01897 1.57163 4.12335 8.88125
10.58943 2.90688 5.26601 12.89310
10.81246 0.04274 10.75280 10.85600
13.89598 0.39363 13.55240 14.65870
42.15800 1.07358 41.04870 43.49810
