# avg	std	min	max
0.06125 0.06857 -0.02059 0.14124
-0.18032 0.04712 -0.20796 -0.08702
0.42171 0.05198 0.32511 0.47329
-0.19621 0.07796 -0.27263 -0.07608
0.31488 0.08514 0.23224 0.47160
0.03571 0.00848 0.02136 0.04690
-0.05370 0.03107 -0.08783 -0.00231
0.07676 0.00977 0.06622 0.09238
0.59593 0.13286 0.38377 0.73491
-0.40545 0.05366 -0.48450 -0.33787
-0.04941 0.06724 -0.11440 0.04375
-0.00268 0.00703 -0.00624 0.01137
0.01109 0.03608 -0.02441 0.05575
-0.05704 0.05749 -0.15776 -0.00179
-0.42809 0.04874 -0.49686 -0.36861
0.00765 0.09359 -0.06998 0.14438
-0.16255 0.00246 -0.16534 -0.15953
-0.20735 0.12394 -0.33123 -0.00286
-0.10175 0.03350 -0.12950 -0.03635
0.07312 0.04128 0.02182 0.12773
0.08461 0.08530 -0.01959 0.19030
0.55734 0.11212 0.41869 0.70162
-0.05111 0.06210 -0.09730 0.06579
