# avg	std	min	max
4.89266 0.00090 4.89095 4.89328
3.66102 0.32956 3.33374 4.05820
5.24802 0.14639 5.01070 5.41320
5.67830 0.97273 4.30714 6.72055
5.84184 0.84825 5.09447 7.11503
6.84772 0.99387 5.63613 8.43554
14.30719 6.04988 6.72021 23.31200
16.04432 3.69264 12.83760 20.67100
-0.00086 0.00163 -0.00326 0.00146
5.53812 0.00250 5.53323 5.54025
4.74454 0.00724 4.73576 4.75460
4.81151 0.32635 4.42509 5.21482
16.24195 8.53203 7.11158 29.57820
7.27814 0.83280 6.25715 8.28496
10.36896 0.68915 9.37485 11.27130
8.64550 0.40861 8.26306 9.16273
8.34129 0.63140 7.18021 8.93076
12.22564 2.59664 7.15378 14.41040
16.75754 4.57103 10.51670 21.69650
12.88995 4.44071 8.90838 18.35190
17.34752 1.67273 15.43090 20.22170
18.51956 1.84041 16.81590 22.04240
24.19190 4.21076 20.82710 32.43650
