# avg	std	min	max
1.08013 0.02107 1.05272 1.11266
0.18003 0.03334 0.15394 0.24520
-0.26768 0.07034 -0.30660 -0.12714
-1.09285 0.15804 -1.36192 -0.96425
-1.01882 0.01138 -1.03116 -1.00153
-1.37364 0.16097 -1.56942 -1.17232
-1.26700 0.11771 -1.34521 -1.03426
-0.10312 0.06719 -0.18158 -0.00716
-1.34468 0.02285 -1.38580 -1.32164
0.63551 0.00873 0.62008 0.64431
0.40271 0.02772 0.37005 0.44533
0.30314 0.02175 0.26837 0.33700
-1.54618 0.20182 -1.72763 -1.21852
0.51495 0.14189 0.33885 0.68454
-0.02881 0.05440 -0.13703 0.00726
1.14150 0.07753 1.03870 1.27639
0.03990 0.02115 -0.00066 0.06147
-0.58814 0.06909 -0.68015 -0.52310
-0.37097 0.03833 -0.40832 -0.30600
-0.06393 0.02473 -0.08219 -0.01588
0.89524 0.05291 0.81936 0.95051
0.85698 0.01414 0.83336 0.87303
0.20183 0.27632 -0.16161 0.51255
