# avg	std	min	max
0.51499 0.16415 0.25494 0.71229
0.25463 0.27568 0.03025 0.62605
0.15302 0.37013 -0.17638 0.69758
-0.36014 0.18963 -0.66611 -0.14198
0.04633 0.18118 -0.10635 0.35737
-0.16184 0.35194 -0.56662 0.47791
0.17226 0.09850 0.11974 0.36911
0.67082 0.24669 0.32674 0.98709
2.56489 0.44757 2.04672 3.23466
0.65465 0.17382 0.34827 0.85166
0.66713 0.17627 0.52312 0.97932
0.34738 0.25215 -0.06556 0.58232
0.26843 0.20328 0.13008 0.67317
-0.15404 0.08639 -0.20555 0.01770
-0.09667 0.10645 -0.26584 0.00000
-0.13224 0.10603 -0.22041 0.03840
0.52290 0.26038 0.11170 0.86259
-0.26982 0.08961 -0.39336 -0.12662
-0.30879 0.20081 -0.52804 0.01490
0.55679 0.01541 0.52997 0.57038
0.69859 0.11213 0.60523 0.90555
1.69071 0.59389 1.20344 2.86049
0.27122 0.22952 -0.12698 0.48226
