# avg	std	min	max
1.74952 0.18488 1.52518 2.03406
0.65365 0.06138 0.54590 0.71836
-0.36110 0.11373 -0.47981 -0.22269
-0.77568 0.06455 -0.87650 -0.67844
-0.70373 0.08743 -0.80495 -0.55964
-0.59580 0.22984 -1.00801 -0.29733
-0.28393 0.17044 -0.40510 0.04190
0.08258 0.29057 -0.27541 0.58235
3.59567 0.10341 3.44148 3.75201
0.78709 0.04152 0.74096 0.85922
-0.04269 0.04747 -0.10651 0.01215
0.34734 0.04338 0.30471 0.41923
0.39075 0.42770 -0.06636 1.13702
0.82934 0.28767 0.47274 1.17232
-0.22929 0.11751 -0.36017 -0.04267
1.08508 0.12405 0.89673 1.27075
0.13329 0.15686 -0.04787 0.40668
-0.21066 0.10242 -0.32808 -0.06089
-0.05817 0.08531 -0.17715 0.08287
0.40988 0.13881 0.24193 0.65377
0.65814 0.19109 0.43836 0.94670
0.36767 0.14928 0.08852 0.51603
0.12311 0.53374 -0.80018 0.74667
