# avg	std	min	max
-0.40320 0.00132 -0.40536 -0.40193
-0.31386 0.00098 -0.31505 -0.31219
0.24076 0.03145 0.17806 0.25941
0.12317 0.02279 0.10437 0.16703
0.39777 0.05407 0.35028 0.48028
0.03647 0.05153 -0.01336 0.10596
0.43118 0.02792 0.37605 0.44892
-0.02806 0.12162 -0.26659 0.05048
0.18959 0.00984 0.18097 0.20383
-0.09780 0.00964 -0.11359 -0.08420
0.00137 0.01311 -0.01269 0.02621
-0.07491 0.00694 -0.08773 -0.06812
0.18076 0.24388 -0.18483 0.40264
0.01552 0.01461 0.00031 0.03876
0.04931 0.01133 0.03819 0.06947
-0.03068 0.00154 -0.03329 -0.02896
-0.04394 0.00180 -0.04592 -0.04136
0.03184 0.00699 0.02382 0.04488
0.08144 0.00864 0.07292 0.09533
0.10774 0.00480 0.10331 0.11657
0.08352 0.01112 0.07155 0.10260
0.33609 0.00292 0.33262 0.34081
0.07084 0.01982 0.04660 0.10376
