# avg	std	min	max
1.00142 0.11055 0.88551 1.16482
0.37861 0.02984 0.34330 0.43363
-0.50406 0.03862 -0.54602 -0.44135
-1.17023 0.09142 -1.28968 -1.02878
-0.70835 0.04963 -0.78614 -0.63585
-1.53672 0.07903 -1.67451 -1.44884
0.62405 0.07287 0.53514 0.71042
1.04641 0.06049 0.99442 1.16232
1.67802 0.03362 1.61931 1.72062
0.75681 0.12293 0.62745 0.97242
0.00102 0.00197 -0.00004 0.00497
-0.13692 0.01602 -0.15198 -0.11674
0.81115 0.29894 0.61012 1.40319
0.07450 0.12974 -0.02387 0.32521
-0.58065 0.02339 -0.61214 -0.54413
1.59494 0.16286 1.42528 1.86602
0.35886 0.08410 0.27307 0.51997
-0.92447 0.07114 -1.00976 -0.84683
-0.64706 0.25345 -0.92808 -0.16840
1.03887 0.14232 0.87623 1.20891
1.31910 0.23855 0.88369 1.52746
0.45436 0.24612 0.09671 0.79470
1.07537 0.04616 0.99345 1.12499
