# avg	std	min	max
0.13034 0.06860 0.04378 0.20758
0.21948 0.00093 0.21901 0.22134
0.35240 0.00041 0.35178 0.35280
-0.16977 0.04319 -0.24861 -0.12516
0.01626 0.01476 -0.00244 0.02986
-0.51211 0.09455 -0.69249 -0.43360
-0.53916 0.01587 -0.55318 -0.51136
-0.51291 0.01660 -0.53951 -0.48778
1.35106 0.01646 1.33070 1.37337
0.28208 0.06092 0.23654 0.40231
-0.00858 0.00451 -0.01342 0.00000
0.12963 0.00486 0.12693 0.13934
-1.66164 0.20718 -2.03753 -1.42421
0.11887 0.00839 0.11443 0.13564
-0.05430 0.07495 -0.14883 0.02596
0.27619 0.01641 0.26381 0.30861
0.03318 0.01582 0.01568 0.06274
-0.42973 0.11281 -0.55231 -0.29212
-0.48846 0.18084 -0.67931 -0.18390
0.19196 0.01484 0.18262 0.22148
0.51725 0.01501 0.49291 0.53639
0.72538 0.03595 0.67097 0.75810
-0.82497 0.20476 -1.08757 -0.57104
