# avg	std	min	max
5.70035 0.02169 5.68851 5.74371
3.18775 0.01466 3.17000 3.20632
-0.00218 0.00047 -0.00282 -0.00136
1.66912 0.81414 0.49448 2.46454
-0.08980 0.35979 -0.50222 0.32532
2.18765 0.84338 0.93716 3.18767
7.90373 4.67487 0.80542 12.75360
20.28904 9.68314 6.08798 29.12160
4.34357 0.05717 4.26077 4.39580
3.93792 0.01509 3.92835 3.96755
2.91475 0.01111 2.89533 2.92355
2.56647 0.11413 2.36788 2.66033
8.83075 4.54604 3.22938 15.21790
3.31315 0.07992 3.24492 3.45382
5.39487 0.05197 5.30781 5.45678
4.71675 0.12671 4.53325 4.85702
6.56441 0.36471 6.24417 7.09885
8.04735 1.37051 6.10039 9.56516
12.47280 2.99174 8.55902 15.47560
8.79312 1.75078 5.56672 10.48300
9.23680 0.35390 8.62932 9.71912
9.35923 1.91789 8.01857 13.16530
25.19302 4.20945 19.53870 30.67490
