# avg	std	min	max
2.71580 0.00226 2.71467 2.72031
1.70960 0.00273 1.70818 1.71506
0.00171 0.00751 -0.00608 0.01573
0.60469 0.07141 0.48111 0.67347
-0.20906 0.01349 -0.22659 -0.19343
0.66874 0.02797 0.61737 0.69828
-0.23975 0.02544 -0.25959 -0.19051
1.41460 0.02067 1.38557 1.44662
4.30061 0.03987 4.26323 4.37641
2.31866 0.00261 2.31681 2.32382
1.50224 0.00108 1.50125 1.50366
1.39417 0.02134 1.35172 1.40870
0.34109 0.11434 0.18633 0.47312
1.81511 0.01183 1.80038 1.82936
1.30321 0.04227 1.26514 1.36225
1.10208 0.09632 1.00954 1.25526
1.41889 0.12712 1.32962 1.66747
0.65324 0.13396 0.54634 0.91537
0.83004 0.02063 0.80710 0.86057
2.00783 0.26733 1.60394 2.42608
2.56547 0.13321 2.44708 2.81075
3.47106 0.61715 2.84118 4.21161
0.90610 0.15228 0.71109 1.17846
