pos	WT	var	score	entropy	log2f_var	matrix
1	M	A	-0.3169	0.7777	-19.6453	-0.2641
1	M	C	-0.2546	0.7777	-6.3574	-0.2713
1	M	D	-0.4283	0.7777	-19.6453	-0.4100
1	M	E	-0.4186	0.7777	-19.6453	-0.3972
1	M	F	-0.3219	0.7777	-19.6453	-0.2707
1	M	G	-0.3978	0.7777	-19.6453	-0.3700
1	M	H	-0.3752	0.7777	-19.6453	-0.3404
1	M	I	-0.1664	0.7777	-6.3574	-0.1558
1	M	K	-0.3795	0.7777	-19.6453	-0.3460
1	M	L	-0.1172	0.7777	-3.1876	-0.1126
1	M	N	-0.3700	0.7777	-19.6453	-0.3336
1	M	P	-0.4879	0.7777	-19.6453	-0.4879
1	M	Q	-0.3620	0.7777	-19.6453	-0.3232
1	M	R	-0.4067	0.7777	-19.6453	-0.3817
1	M	S	-0.3483	0.7777	-19.6453	-0.3052
1	M	T	-0.2880	0.7777	-19.6453	-0.2263
1	M	V	-0.1985	0.7777	-6.3574	-0.1978
1	M	W	-0.3847	0.7777	-19.6453	-0.3529
1	M	Y	-0.3643	0.7777	-19.6453	-0.3261
2	S	A	-0.1050	0.9781	-5.4918	-0.1054
2	S	C	-0.2284	0.9781	-19.7796	-0.1715
2	S	D	-0.2088	0.9781	-6.4917	-0.2346
2	S	E	-0.2498	0.9781	-19.7796	-0.1995
2	S	F	-0.1882	0.9781	-6.4917	-0.2076
2	S	G	-0.1871	0.9781	-19.7796	-0.1174
2	S	H	-0.2572	0.9781	-19.7796	-0.2092
2	S	I	-0.2591	0.9781	-19.7796	-0.2117
2	S	K	-0.1987	0.9781	-6.4917	-0.2214
2	S	L	-0.1876	0.9781	-6.4917	-0.2068
2	S	M	-0.2264	0.9781	-19.7796	-0.1689
2	S	N	-0.1324	0.9781	-6.4917	-0.1346
2	S	P	-0.2585	0.9781	-5.4918	-0.3063
2	S	Q	-0.2199	0.9781	-19.7796	-0.1603
2	S	R	-0.2040	0.9781	-6.4917	-0.2283
2	S	T	-0.0957	0.9781	-5.4918	-0.0932
2	S	V	-0.2334	0.9781	-19.7796	-0.1780
2	S	W	-0.2657	0.9781	-19.7796	-0.2203
2	S	Y	-0.2608	0.9781	-19.7796	-0.2139
3	E	A	-0.0738	1.8258	-6.7812	-0.1580
3	E	C	-0.1431	1.8258	-6.7812	-0.2488
3	E	D	-0.0314	1.8258	-5.1964	-0.1131
3	E	F	-0.1886	1.8258	-20.0691	-0.2195
3	E	G	-0.0914	1.8258	-5.1964	-0.1917
3	E	H	-0.1120	1.8258	-6.7812	-0.2081
3	E	I	-0.1939	1.8258	-20.0691	-0.2265
3	E	K	-0.0877	1.8258	-5.1964	-0.1868
3	E	L	-0.1961	1.8258	-20.0691	-0.2293
3	E	M	-0.1449	1.8258	-20.0691	-0.1623
3	E	N	-0.1678	1.8258	-20.0691	-0.1923
3	E	P	-0.2986	1.8258	-20.0691	-0.3635
3	E	Q	-0.0239	1.8258	-2.3891	-0.1220
3	E	R	-0.1512	1.8258	-5.7813	-0.2660
3	E	S	-0.0872	1.8258	-6.7812	-0.1756
3	E	T	-0.1031	1.8258	-6.7812	-0.1964
3	E	V	-0.0870	1.8258	-6.7812	-0.1753
3	E	W	-0.1986	1.8258	-20.0691	-0.2327
3	E	Y	-0.1216	1.8258	-6.7812	-0.2206
4	R	A	-0.2462	0.9408	-7.1188	-0.2748
4	R	C	-0.3228	0.9408	-20.4067	-0.2864
4	R	D	-0.4050	0.9408	-20.4067	-0.3940
4	R	E	-0.3502	0.9408	-20.4067	-0.3223
4	R	F	-0.2783	0.9408	-7.1188	-0.3169
4	R	G	-0.3493	0.9408	-20.4067	-0.3211
4	R	H	-0.2108	0.9408	-6.1189	-0.2352
4	R	I	-0.3434	0.9408	-20.4067	-0.3133
4	R	K	-0.1245	0.9408	-4.7970	-0.1311
4	R	L	-0.2486	0.9408	-7.1188	-0.2780
4	R	M	-0.2823	0.9408	-20.4067	-0.2333
4	R	N	-0.3289	0.9408	-20.4067	-0.2943
4	R	P	-0.3831	0.9408	-6.1189	-0.4608
4	R	Q	-0.2158	0.9408	-6.1189	-0.2417
4	R	S	-0.2416	0.9408	-6.1189	-0.2755
4	R	T	-0.2459	0.9408	-6.1189	-0.2812
4	R	V	-0.3305	0.9408	-20.4067	-0.2964
4	R	W	-0.3317	0.9408	-20.4067	-0.2980
4	R	Y	-0.3354	0.9408	-20.4067	-0.3029
5	Q	A	-0.1225	1.0915	-7.1597	-0.1308
5	Q	C	-0.2365	1.0915	-20.4476	-0.1913
5	Q	D	-0.2768	1.0915	-20.4476	-0.2441
5	Q	E	-0.1195	1.0915	-5.5749	-0.1375
5	Q	F	-0.2445	1.0915	-20.4476	-0.2018
5	Q	G	-0.1881	1.0915	-6.1598	-0.2233
5	Q	H	-0.1914	1.0915	-20.4476	-0.1322
5	Q	I	-0.2259	1.0915	-20.4476	-0.1774
5	Q	K	-0.1387	1.0915	-3.8379	-0.1742
5	Q	L	-0.2093	1.0915	-20.4476	-0.1556
5	Q	M	-0.1802	1.0915	-20.4476	-0.1176
5	Q	N	-0.2060	1.0915	-20.4476	-0.1513
5	Q	P	-0.2808	1.0915	-4.1599	-0.3581
5	Q	R	-0.1542	1.0915	-7.1597	-0.1723
5	Q	S	-0.2087	1.0915	-20.4476	-0.1549
5	Q	T	-0.1508	1.0915	-7.1597	-0.1679
5	Q	V	-0.2260	1.0915	-20.4476	-0.1775
5	Q	W	-0.2439	1.0915	-20.4476	-0.2010
5	Q	Y	-0.2468	1.0915	-20.4476	-0.2048
6	G	A	-0.1178	1.8281	-3.1024	-0.2405
6	G	C	-0.2662	1.8281	-20.4776	-0.3187
6	G	D	-0.2667	1.8281	-20.4776	-0.3194
6	G	E	-0.1880	1.8281	-5.1898	-0.3185
6	G	F	-0.3043	1.8281	-20.4776	-0.3686
6	G	H	-0.2031	1.8281	-5.6048	-0.3355
6	G	I	-0.3500	1.8281	-20.4776	-0.4284
6	G	K	-0.2312	1.8281	-7.1897	-0.3616
6	G	L	-0.3182	1.8281	-20.4776	-0.3868
6	G	M	-0.2564	1.8281	-20.4776	-0.3059
6	G	N	-0.1992	1.8281	-7.1897	-0.3198
6	G	P	-0.2963	1.8281	-7.1897	-0.4469
6	G	Q	-0.2700	1.8281	-20.4776	-0.3236
6	G	R	-0.2152	1.8281	-7.1897	-0.3407
6	G	S	-0.1276	1.8281	-3.8679	-0.2482
6	G	T	-0.2045	1.8281	-3.8679	-0.3489
6	G	V	-0.2203	1.8281	-6.1898	-0.3541
6	G	W	-0.3041	1.8281	-20.4776	-0.3683
6	G	Y	-0.3047	1.8281	-20.4776	-0.3691
7	A	C	-0.1668	1.7909	-20.4776	-0.1841
7	A	D	-0.1807	1.7909	-7.1897	-0.2911
7	A	E	-0.2342	1.7909	-20.4776	-0.2723
7	A	F	-0.2169	1.7909	-20.4776	-0.2497
7	A	G	-0.0925	1.7909	-7.1897	-0.1756
7	A	H	-0.2210	1.7909	-20.4776	-0.2551
7	A	I	-0.2065	1.7909	-20.4776	-0.2360
7	A	K	-0.2388	1.7909	-20.4776	-0.2784
7	A	L	-0.2112	1.7909	-20.4776	-0.2422
7	A	M	-0.1699	1.7909	-20.4776	-0.1882
7	A	N	-0.2189	1.7909	-20.4776	-0.2523
7	A	P	-0.2035	1.7909	-3.8679	-0.3431
7	A	Q	-0.2164	1.7909	-20.4776	-0.2490
7	A	R	-0.1817	1.7909	-7.1897	-0.2924
7	A	S	-0.0314	1.7909	-0.8500	-0.1379
7	A	T	-0.0439	1.7909	-2.1454	-0.1457
7	A	V	-0.1345	1.7909	-20.4776	-0.1418
7	A	W	-0.1600	1.7909	-7.1897	-0.2640
7	A	Y	-0.2361	1.7909	-20.4776	-0.2748
8	G	A	-0.2017	0.9705	-4.0685	-0.2405
8	G	C	-0.3454	0.9705	-20.5261	-0.3187
8	G	D	-0.3459	0.9705	-20.5261	-0.3194
8	G	E	-0.2693	0.9705	-5.6534	-0.3185
8	G	F	-0.3835	0.9705	-20.5261	-0.3686
8	G	H	-0.3582	0.9705	-20.5261	-0.3355
8	G	I	-0.4292	0.9705	-20.5261	-0.4284
8	G	K	-0.3103	0.9705	-7.2383	-0.3616
8	G	L	-0.3974	0.9705	-20.5261	-0.3868
8	G	M	-0.3356	0.9705	-20.5261	-0.3059
8	G	N	-0.2733	0.9705	-6.2384	-0.3198
8	G	P	-0.4433	0.9705	-20.5261	-0.4469
8	G	Q	-0.3491	0.9705	-20.5261	-0.3236
8	G	R	-0.2893	0.9705	-6.2384	-0.3407
8	G	S	-0.2237	0.9705	-7.2383	-0.2482
8	G	T	-0.3006	0.9705	-7.2383	-0.3489
8	G	V	-0.2965	0.9705	-5.6534	-0.3541
8	G	W	-0.3833	0.9705	-20.5261	-0.3683
8	G	Y	-0.3839	0.9705	-20.5261	-0.3691
9	A	C	-0.1132	1.6430	-7.3128	-0.1841
9	A	D	-0.2628	1.6430	-20.6006	-0.2911
9	A	E	-0.2484	1.6430	-20.6006	-0.2723
9	A	F	-0.2312	1.6430	-20.6006	-0.2497
9	A	G	-0.1068	1.6430	-7.3128	-0.1756
9	A	H	-0.1675	1.6430	-7.3128	-0.2551
9	A	I	-0.2207	1.6430	-20.6006	-0.2360
9	A	K	-0.2531	1.6430	-20.6006	-0.2784
9	A	L	-0.1576	1.6430	-7.3128	-0.2422
9	A	M	-0.1842	1.6430	-20.6006	-0.1882
9	A	N	-0.2331	1.6430	-20.6006	-0.2523
9	A	P	-0.2170	1.6430	-3.8535	-0.3431
9	A	Q	-0.1547	1.6430	-5.7279	-0.2490
9	A	R	-0.1879	1.6430	-5.7279	-0.2924
9	A	S	-0.0626	1.6430	-4.3129	-0.1379
9	A	T	-0.0656	1.6430	-3.7279	-0.1457
9	A	V	-0.0707	1.6430	-5.3129	-0.1418
9	A	W	-0.2421	1.6430	-20.6006	-0.2640
9	A	Y	-0.2503	1.6430	-20.6006	-0.2748
10	T	A	-0.0093	2.2655	-1.6495	-0.1608
10	T	C	-0.0689	2.2655	-6.3219	-0.2077
10	T	D	-0.1487	2.2655	-6.3219	-0.3121
10	T	E	-0.1969	2.2655	-20.6097	-0.2798
10	T	F	-0.2133	2.2655	-20.6097	-0.3012
10	T	G	-0.1795	2.2655	-20.6097	-0.2570
10	T	H	-0.1936	2.2655	-20.6097	-0.2754
10	T	I	-0.1319	2.2655	-20.6097	-0.1947
10	T	K	-0.1162	2.2655	-6.3219	-0.2696
10	T	L	-0.1109	2.2655	-6.3219	-0.2627
10	T	M	-0.0621	2.2655	-3.2345	-0.2194
10	T	N	-0.1616	2.2655	-20.6097	-0.2336
10	T	P	-0.1944	2.2655	-5.7369	-0.3759
10	T	Q	-0.1711	2.2655	-20.6097	-0.2460
10	T	R	-0.1241	2.2655	-7.3218	-0.2733
10	T	S	0.0157	2.2655	-3.8625	-0.1133
10	T	V	-0.0415	2.2655	-5.3219	-0.1784
10	T	W	-0.2062	2.2655	-20.6097	-0.2919
10	T	Y	-0.2147	2.2655	-20.6097	-0.3031
11	N	A	0.0246	2.7573	-2.6781	-0.1688
11	N	C	-0.0439	2.7573	-6.3219	-0.2341
11	N	D	0.0130	2.7573	-4.3219	-0.1730
11	N	E	-0.0192	2.7573	-5.3219	-0.2085
11	N	F	-0.1240	2.7573	-20.6097	-0.2436
11	N	G	-0.0065	2.7573	-2.7370	-0.2091
11	N	H	-0.0040	2.7573	-7.3218	-0.1753
11	N	I	-0.1171	2.7573	-20.6097	-0.2346
11	N	K	-0.0023	2.7573	-7.3218	-0.1730
11	N	L	-0.0558	2.7573	-7.3218	-0.2430
11	N	M	-0.0777	2.7573	-20.6097	-0.1830
11	N	P	-0.2325	2.7573	-20.6097	-0.3856
11	N	Q	-0.0609	2.7573	-20.6097	-0.1609
11	N	R	-0.0293	2.7573	-6.3219	-0.2151
11	N	S	0.0487	2.7573	-3.8625	-0.1294
11	N	T	0.0062	2.7573	-2.4640	-0.1943
11	N	V	-0.1105	2.7573	-20.6097	-0.2259
11	N	W	-0.0613	2.7573	-7.3218	-0.2503
11	N	Y	-0.1076	2.7573	-20.6097	-0.2221
12	G	A	-0.1636	1.4561	-5.3663	-0.2405
12	G	C	-0.3013	1.4561	-20.6541	-0.3187
12	G	D	-0.2260	1.4561	-5.7813	-0.3194
12	G	E	-0.2232	1.4561	-5.3663	-0.3185
12	G	F	-0.2716	1.4561	-7.3662	-0.3686
12	G	H	-0.2464	1.4561	-7.3662	-0.3355
12	G	I	-0.3851	1.4561	-20.6541	-0.4284
12	G	K	-0.2663	1.4561	-7.3662	-0.3616
12	G	L	-0.3534	1.4561	-20.6541	-0.3868
12	G	M	-0.2916	1.4561	-20.6541	-0.3059
12	G	N	-0.2191	1.4561	-4.3663	-0.3198
12	G	P	-0.3315	1.4561	-7.3662	-0.4469
12	G	Q	-0.2322	1.4561	-6.3663	-0.3236
12	G	R	-0.2503	1.4561	-7.3662	-0.3407
12	G	S	-0.1644	1.4561	-4.3663	-0.2482
12	G	T	-0.2566	1.4561	-7.3662	-0.3489
12	G	V	-0.3284	1.4561	-20.6541	-0.3541
12	G	W	-0.2714	1.4561	-7.3662	-0.3683
12	G	Y	-0.3398	1.4561	-20.6541	-0.3691
13	K	A	-0.0531	2.1034	-7.3749	-0.1604
13	K	C	-0.1911	2.1034	-20.6628	-0.2523
13	K	D	-0.2299	2.1034	-20.6628	-0.3031
13	K	E	-0.0729	2.1034	-6.3750	-0.1930
13	K	F	-0.1920	2.1034	-20.6628	-0.2535
13	K	G	-0.1072	2.1034	-6.3750	-0.2379
13	K	H	-0.0632	2.1034	-7.3749	-0.1736
13	K	I	-0.0914	2.1034	-7.3749	-0.2106
13	K	L	-0.0821	2.1034	-5.7900	-0.2089
13	K	M	-0.1310	2.1034	-20.6628	-0.1736
13	K	N	-0.0398	2.1034	-1.1852	-0.1843
13	K	P	-0.2274	2.1034	-7.3749	-0.3886
13	K	Q	-0.0472	2.1034	-6.3750	-0.1594
13	K	R	0.0265	2.1034	-4.7901	-0.0735
13	K	S	-0.0463	2.1034	-4.0531	-0.1737
13	K	T	-0.0700	2.1034	-6.3750	-0.1892
13	K	V	-0.0753	2.1034	-7.3749	-0.1895
13	K	W	-0.2010	2.1034	-20.6628	-0.2653
13	K	Y	-0.1769	2.1034	-20.6628	-0.2337
14	D	A	-0.0909	2.7143	-20.6628	-0.1947
14	D	C	-0.1324	2.7143	-20.6628	-0.2490
14	D	E	0.0514	2.7143	-3.5677	-0.1226
14	D	F	-0.1910	2.7143	-20.6628	-0.3258
14	D	G	-0.0240	2.7143	-5.3750	-0.2093
14	D	H	-0.1002	2.7143	-20.6628	-0.2069
14	D	I	-0.1052	2.7143	-5.3750	-0.3156
14	D	K	-0.0806	2.7143	-4.7901	-0.2873
14	D	L	-0.1769	2.7143	-20.6628	-0.3073
14	D	M	-0.1156	2.7143	-20.6628	-0.2271
14	D	N	0.0330	2.7143	-2.9156	-0.1511
14	D	P	-0.1600	2.7143	-7.3749	-0.3740
14	D	Q	-0.0382	2.7143	-5.0531	-0.2300
14	D	R	-0.1248	2.7143	-7.3749	-0.3279
14	D	S	-0.0010	2.7143	-1.7901	-0.2031
14	D	T	-0.0412	2.7143	-3.7901	-0.2424
14	D	V	-0.1379	2.7143	-20.6628	-0.2563
14	D	W	-0.1715	2.7143	-20.6628	-0.3002
14	D	Y	-0.0681	2.7143	-7.3749	-0.2536
15	K	A	-0.1193	1.3298	-6.3923	-0.1604
15	K	C	-0.2624	1.3298	-20.6800	-0.2523
15	K	D	-0.2334	1.3298	-7.3922	-0.3031
15	K	E	-0.1391	1.3298	-5.3923	-0.1930
15	K	F	-0.2633	1.3298	-20.6800	-0.2535
15	K	G	-0.2514	1.3298	-20.6800	-0.2379
15	K	H	-0.1345	1.3298	-7.3922	-0.1736
15	K	I	-0.2305	1.3298	-20.6800	-0.2106
15	K	L	-0.1614	1.3298	-7.3922	-0.2089
15	K	M	-0.2023	1.3298	-20.6800	-0.1736
15	K	N	-0.2104	1.3298	-20.6800	-0.1843
15	K	P	-0.2885	1.3298	-5.3923	-0.3886
15	K	Q	-0.1134	1.3298	-5.3923	-0.1594
15	K	R	-0.0437	1.3298	-4.5850	-0.0735
15	K	S	-0.2023	1.3298	-20.6800	-0.1737
15	K	T	-0.1332	1.3298	-4.8073	-0.1892
15	K	V	-0.1415	1.3298	-6.3923	-0.1895
15	K	W	-0.2045	1.3298	-7.3922	-0.2653
15	K	Y	-0.2482	1.3298	-20.6800	-0.2337
16	T	A	-0.0096	2.3635	-3.4757	-0.1608
16	T	C	-0.0658	2.3635	-7.4756	-0.2077
16	T	D	-0.2134	2.3635	-20.7635	-0.3121
16	T	E	-0.1209	2.3635	-7.4756	-0.2798
16	T	F	-0.2050	2.3635	-20.7635	-0.3012
16	T	G	-0.1035	2.3635	-7.4756	-0.2570
16	T	H	-0.1853	2.3635	-20.7635	-0.2754
16	T	I	-0.0508	2.3635	-6.4757	-0.1947
16	T	K	-0.0999	2.3635	-4.8908	-0.2696
16	T	L	-0.0946	2.3635	-4.8908	-0.2627
16	T	M	-0.0747	2.3635	-7.4756	-0.2194
16	T	N	-0.0856	2.3635	-7.4756	-0.2336
16	T	P	-0.1671	2.3635	-2.1538	-0.3759
16	T	Q	-0.0900	2.3635	-6.4757	-0.2460
16	T	R	-0.1159	2.3635	-7.4756	-0.2733
16	T	S	0.0257	2.3635	-3.6684	-0.1133
16	T	V	-0.0434	2.3635	-7.4756	-0.1784
16	T	W	-0.1979	2.3635	-20.7635	-0.2919
16	T	Y	-0.2065	2.3635	-20.7635	-0.3031
17	S	A	-0.0301	1.6599	-3.0995	-0.1054
17	S	C	-0.0979	1.6599	-6.4918	-0.1715
17	S	D	-0.1512	1.6599	-7.4917	-0.2346
17	S	E	-0.1193	1.6599	-6.4918	-0.1995
17	S	F	-0.1984	1.6599	-20.7796	-0.2076
17	S	G	-0.0566	1.6599	-6.4918	-0.1174
17	S	H	-0.1996	1.6599	-20.7796	-0.2092
17	S	I	-0.2015	1.6599	-20.7796	-0.2117
17	S	K	-0.1330	1.6599	-5.9069	-0.2214
17	S	L	-0.1219	1.6599	-5.9069	-0.2068
17	S	M	-0.1688	1.6599	-20.7796	-0.1689
17	S	N	-0.0697	1.6599	-6.4918	-0.1346
17	S	P	-0.1941	1.6599	-5.1699	-0.3063
17	S	Q	-0.0944	1.6599	-7.4917	-0.1603
17	S	R	-0.2142	1.6599	-20.7796	-0.2283
17	S	T	-0.0300	1.6599	-4.9069	-0.0932
17	S	V	-0.1079	1.6599	-7.4917	-0.1780
17	S	W	-0.1403	1.6599	-7.4917	-0.2203
17	S	Y	-0.2032	1.6599	-20.7796	-0.2139
18	G	A	-0.1268	1.7366	-3.2095	-0.2405
18	G	C	-0.2764	1.7366	-20.8191	-0.3187
18	G	D	-0.2040	1.7366	-6.5313	-0.3194
18	G	E	-0.2003	1.7366	-5.9464	-0.3185
18	G	F	-0.3145	1.7366	-20.8191	-0.3686
18	G	H	-0.2892	1.7366	-20.8191	-0.3355
18	G	I	-0.2924	1.7366	-7.5313	-0.4284
18	G	K	-0.2332	1.7366	-5.9464	-0.3616
18	G	L	-0.2606	1.7366	-7.5313	-0.3868
18	G	M	-0.2666	1.7366	-20.8191	-0.3059
18	G	N	-0.2094	1.7366	-7.5313	-0.3198
18	G	P	-0.3065	1.7366	-7.5313	-0.4469
18	G	Q	-0.2072	1.7366	-6.5313	-0.3236
18	G	R	-0.2932	1.7366	-20.8191	-0.3407
18	G	S	-0.1378	1.7366	-4.2095	-0.2482
18	G	T	-0.2235	1.7366	-5.9464	-0.3489
18	G	V	-0.2254	1.7366	-5.5314	-0.3541
18	G	W	-0.2384	1.7366	-5.9464	-0.3683
18	G	Y	-0.3149	1.7366	-20.8191	-0.3691
19	E	A	0.0530	3.0316	-3.6856	-0.1580
19	E	C	-0.1041	3.0316	-20.8802	-0.2488
19	E	D	0.0868	3.0316	-3.7851	-0.1131
19	E	F	-0.0139	3.0316	-7.5923	-0.2195
19	E	G	0.0358	3.0316	-2.0075	-0.1917
19	E	H	-0.0730	3.0316	-20.8802	-0.2081
19	E	I	-0.0112	3.0316	-6.0075	-0.2265
19	E	K	0.0293	3.0316	-4.0075	-0.1868
19	E	L	-0.0163	3.0316	-6.5924	-0.2293
19	E	M	0.0298	3.0316	-7.5923	-0.1623
19	E	N	-0.0610	3.0316	-20.8802	-0.1923
19	E	P	-0.1188	3.0316	-6.5924	-0.3635
19	E	Q	0.0842	3.0316	-2.9486	-0.1220
19	E	R	-0.0376	3.0316	-5.2705	-0.2660
19	E	S	0.0298	3.0316	-5.5924	-0.1756
19	E	T	0.0118	3.0316	-6.0075	-0.1964
19	E	V	0.0317	3.0316	-5.2705	-0.1753
19	E	W	-0.0240	3.0316	-7.5923	-0.2327
19	E	Y	-0.0826	3.0316	-20.8802	-0.2206
20	N	A	0.0357	2.9859	-4.6294	-0.1688
20	N	C	-0.0973	2.9859	-20.9171	-0.2341
20	N	D	0.0409	2.9859	-2.9855	-0.1730
20	N	E	0.0062	2.9859	-4.4594	-0.2085
20	N	F	-0.1045	2.9859	-20.9171	-0.2436
20	N	G	0.0028	2.9859	-5.0444	-0.2091
20	N	H	0.0316	2.9859	-4.4594	-0.1753
20	N	I	-0.0977	2.9859	-20.9171	-0.2346
20	N	K	0.0361	2.9859	-3.9289	-0.1730
20	N	L	-0.1041	2.9859	-20.9171	-0.2430
20	N	M	-0.0583	2.9859	-20.9171	-0.1830
20	N	P	-0.1334	2.9859	-5.3074	-0.3856
20	N	Q	0.0549	2.9859	-2.0444	-0.1609
20	N	R	-0.0069	2.9859	-6.0444	-0.2151
20	N	S	0.0637	2.9859	-5.0444	-0.1294
20	N	T	0.0128	2.9859	-5.3074	-0.1943
20	N	V	-0.0910	2.9859	-20.9171	-0.2259
20	N	W	-0.0419	2.9859	-7.6292	-0.2503
20	N	Y	-0.0203	2.9859	-7.6292	-0.2221
21	D	A	-0.0783	1.9145	-3.7748	-0.1947
21	D	C	-0.2080	1.9145	-21.0625	-0.2490
21	D	E	-0.0237	1.9145	-3.8679	-0.1226
21	D	F	-0.2667	1.9145	-21.0625	-0.3258
21	D	G	-0.0997	1.9145	-5.7748	-0.2093
21	D	H	-0.1029	1.9145	-6.7747	-0.2069
21	D	I	-0.2589	1.9145	-21.0625	-0.3156
21	D	K	-0.1592	1.9145	-5.7748	-0.2873
21	D	L	-0.2525	1.9145	-21.0625	-0.3073
21	D	M	-0.1913	1.9145	-21.0625	-0.2271
21	D	N	-0.0522	1.9145	-5.1898	-0.1511
21	D	P	-0.2204	1.9145	-4.7748	-0.3740
21	D	Q	-0.1114	1.9145	-4.9674	-0.2300
21	D	R	-0.2683	1.9145	-21.0625	-0.3279
21	D	S	-0.1000	1.9145	-6.7747	-0.2031
21	D	T	-0.1300	1.9145	-6.7747	-0.2424
21	D	V	-0.1407	1.9145	-6.7747	-0.2563
21	D	W	-0.2471	1.9145	-21.0625	-0.3002
21	D	Y	-0.1386	1.9145	-6.7747	-0.2536
22	G	A	-0.0461	2.5777	-2.5653	-0.2405
22	G	C	-0.2002	2.5777	-21.0625	-0.3187
22	G	D	-0.1227	2.5777	-5.7748	-0.3194
22	G	E	-0.1102	2.5777	-3.4529	-0.3185
22	G	F	-0.2383	2.5777	-21.0625	-0.3686
22	G	H	-0.2130	2.5777	-21.0625	-0.3355
22	G	I	-0.2840	2.5777	-21.0625	-0.4284
22	G	K	-0.1452	2.5777	-3.8679	-0.3616
22	G	L	-0.2522	2.5777	-21.0625	-0.3868
22	G	M	-0.1226	2.5777	-7.7747	-0.3059
22	G	N	-0.1332	2.5777	-7.7747	-0.3198
22	G	P	-0.2142	2.5777	-4.6049	-0.4469
22	G	Q	-0.1259	2.5777	-5.7748	-0.3236
22	G	R	-0.1492	2.5777	-7.7747	-0.3407
22	G	S	-0.0546	2.5777	-3.0744	-0.2482
22	G	T	-0.1474	2.5777	-6.1898	-0.3489
22	G	V	-0.1514	2.5777	-6.1898	-0.3541
22	G	W	-0.2381	2.5777	-21.0625	-0.3683
22	G	Y	-0.2387	2.5777	-21.0625	-0.3691
23	Q	A	-0.0421	1.8897	-5.7944	-0.1308
23	Q	C	-0.1663	1.8897	-21.0821	-0.1913
23	Q	D	-0.2066	1.8897	-21.0821	-0.2441
23	Q	E	-0.0456	1.8897	-5.4725	-0.1375
23	Q	F	-0.1743	1.8897	-21.0821	-0.2018
23	Q	G	-0.1229	1.8897	-7.7943	-0.2233
23	Q	H	-0.1212	1.8897	-21.0821	-0.1322
23	Q	I	-0.1557	1.8897	-21.0821	-0.1774
23	Q	K	-0.0546	1.8897	-1.7500	-0.1742
23	Q	L	-0.1390	1.8897	-21.0821	-0.1556
23	Q	M	-0.1100	1.8897	-21.0821	-0.1176
23	Q	N	-0.1358	1.8897	-21.0821	-0.1513
23	Q	P	-0.2208	1.8897	-6.7944	-0.3581
23	Q	R	-0.1518	1.8897	-21.0821	-0.1723
23	Q	S	-0.0419	1.8897	-2.1506	-0.1549
23	Q	T	-0.0806	1.8897	-7.7943	-0.1679
23	Q	V	-0.1558	1.8897	-21.0821	-0.1775
23	Q	W	-0.1737	1.8897	-21.0821	-0.2010
23	Q	Y	-0.1766	1.8897	-21.0821	-0.2048
24	K	A	-0.0834	1.6867	-5.7944	-0.1604
24	K	C	-0.2316	1.6867	-21.0821	-0.2523
24	K	D	-0.2026	1.6867	-7.7943	-0.3031
24	K	E	-0.1066	1.6867	-5.4725	-0.1930
24	K	F	-0.2325	1.6867	-21.0821	-0.2535
24	K	G	-0.2206	1.6867	-21.0821	-0.2379
24	K	H	-0.1037	1.6867	-7.7943	-0.1736
24	K	I	-0.1319	1.6867	-7.7943	-0.2106
24	K	L	-0.1984	1.6867	-21.0821	-0.2089
24	K	M	-0.1715	1.6867	-21.0821	-0.1736
24	K	N	-0.0910	1.6867	-3.7070	-0.1843
24	K	P	-0.2517	1.6867	-4.6245	-0.3886
24	K	Q	-0.0752	1.6867	-4.3350	-0.1594
24	K	R	-0.0272	1.6867	-7.7943	-0.0735
24	K	S	-0.0957	1.6867	-6.2094	-0.1737
24	K	T	-0.1003	1.6867	-4.7944	-0.1892
24	K	V	-0.1158	1.6867	-7.7943	-0.1895
24	K	W	-0.2415	1.6867	-21.0821	-0.2653
24	K	Y	-0.2174	1.6867	-21.0821	-0.2337
25	K	A	-0.0515	2.0338	-5.8073	-0.1604
25	K	C	-0.1997	2.0338	-21.0951	-0.2523
25	K	D	-0.1503	2.0338	-3.8074	-0.3031
25	K	E	-0.0677	2.0338	-4.1069	-0.1930
25	K	F	-0.2006	2.0338	-21.0951	-0.2535
25	K	G	-0.1158	2.0338	-6.8073	-0.2379
25	K	H	-0.0667	2.0338	-6.8073	-0.1736
25	K	I	-0.1679	2.0338	-21.0951	-0.2106
25	K	L	-0.1666	2.0338	-21.0951	-0.2089
25	K	M	-0.0718	2.0338	-7.8072	-0.1736
25	K	N	-0.0544	2.0338	-2.8074	-0.1843
25	K	P	-0.2360	2.0338	-7.8072	-0.3886
25	K	Q	-0.0507	2.0338	-5.8073	-0.1594
25	K	R	-0.0631	2.0338	-21.0951	-0.0735
25	K	S	-0.0719	2.0338	-7.8072	-0.1737
25	K	T	-0.0684	2.0338	-4.8073	-0.1892
25	K	V	-0.0758	2.0338	-6.2224	-0.1895
25	K	W	-0.2096	2.0338	-21.0951	-0.2653
25	K	Y	-0.1855	2.0338	-21.0951	-0.2337
26	V	A	-0.0708	2.0252	-3.8580	-0.1977
26	V	C	-0.1869	2.0252	-21.1457	-0.2342
26	V	D	-0.3256	2.0252	-21.1457	-0.4158
26	V	E	-0.1998	2.0252	-4.8580	-0.3599
26	V	F	-0.1684	2.0252	-7.8578	-0.2987
26	V	G	-0.2849	2.0252	-21.1457	-0.3624
26	V	H	-0.3286	2.0252	-21.1457	-0.4197
26	V	I	-0.0098	2.0252	-4.5361	-0.1133
26	V	K	-0.3219	2.0252	-21.1457	-0.4109
26	V	L	-0.0691	2.0252	-3.3986	-0.1985
26	V	M	-0.1688	2.0252	-21.1457	-0.2104
26	V	N	-0.3135	2.0252	-21.1457	-0.3999
26	V	P	-0.2752	2.0252	-3.8580	-0.4652
26	V	Q	-0.2075	2.0252	-4.2730	-0.3738
26	V	R	-0.3429	2.0252	-21.1457	-0.4384
26	V	S	-0.1830	2.0252	-5.5360	-0.3334
26	V	T	-0.1781	2.0252	-21.1457	-0.2226
26	V	W	-0.2768	2.0252	-21.1457	-0.3518
26	V	Y	-0.2797	2.0252	-21.1457	-0.3556
27	Q	A	-0.0485	1.7601	-4.7115	-0.1308
27	Q	C	-0.1795	1.7601	-21.3211	-0.1913
27	Q	D	-0.2198	1.7601	-21.3211	-0.2441
27	Q	E	-0.0403	1.7601	-2.1027	-0.1375
27	Q	F	-0.1875	1.7601	-21.3211	-0.2018
27	Q	G	-0.1361	1.7601	-8.0333	-0.2233
27	Q	H	-0.1343	1.7601	-21.3211	-0.1322
27	Q	I	-0.1688	1.7601	-21.3211	-0.1774
27	Q	K	-0.1664	1.7601	-21.3211	-0.1742
27	Q	L	-0.1522	1.7601	-21.3211	-0.1556
27	Q	M	-0.1232	1.7601	-21.3211	-0.1176
27	Q	N	-0.1489	1.7601	-21.3211	-0.1513
27	Q	P	-0.2052	1.7601	-1.3896	-0.3581
27	Q	R	-0.1649	1.7601	-21.3211	-0.1723
27	Q	S	-0.1517	1.7601	-21.3211	-0.1549
27	Q	T	-0.1616	1.7601	-21.3211	-0.1679
27	Q	V	-0.1689	1.7601	-21.3211	-0.1775
27	Q	W	-0.1869	1.7601	-21.3211	-0.2010
27	Q	Y	-0.1898	1.7601	-21.3211	-0.2048
28	E	A	-0.1704	0.7913	-7.0660	-0.1580
28	E	C	-0.3127	0.7913	-21.3538	-0.2488
28	E	D	-0.1280	0.7913	-5.4811	-0.1131
28	E	F	-0.2903	0.7913	-21.3538	-0.2195
28	E	G	-0.2691	0.7913	-21.3538	-0.1917
28	E	H	-0.2816	0.7913	-21.3538	-0.2081
28	E	I	-0.2957	0.7913	-21.3538	-0.2265
28	E	K	-0.2653	0.7913	-21.3538	-0.1868
28	E	L	-0.2978	0.7913	-21.3538	-0.2293
28	E	M	-0.2466	0.7913	-21.3538	-0.1623
28	E	N	-0.2695	0.7913	-21.3538	-0.1923
28	E	P	-0.3206	0.7913	-5.7441	-0.3635
28	E	Q	-0.1243	0.7913	-3.4222	-0.1220
28	E	R	-0.3258	0.7913	-21.3538	-0.2660
28	E	S	-0.2568	0.7913	-21.3538	-0.1756
28	E	T	-0.2727	0.7913	-21.3538	-0.1964
28	E	V	-0.2565	0.7913	-21.3538	-0.1753
28	E	W	-0.3004	0.7913	-21.3538	-0.2327
28	E	Y	-0.2911	0.7913	-21.3538	-0.2206
29	E	A	-0.2244	0.9969	-21.3538	-0.1580
29	E	C	-0.2938	0.9969	-21.3538	-0.2488
29	E	D	-0.0868	0.9969	-1.1003	-0.1131
29	E	F	-0.2714	0.9969	-21.3538	-0.2195
29	E	G	-0.2502	0.9969	-21.3538	-0.1917
29	E	H	-0.2627	0.9969	-21.3538	-0.2081
29	E	I	-0.2767	0.9969	-21.3538	-0.2265
29	E	K	-0.2464	0.9969	-21.3538	-0.1868
29	E	L	-0.2789	0.9969	-21.3538	-0.2293
29	E	M	-0.2277	0.9969	-21.3538	-0.1623
29	E	N	-0.2506	0.9969	-21.3538	-0.1923
29	E	P	-0.3814	0.9969	-21.3538	-0.3635
29	E	Q	-0.1969	0.9969	-21.3538	-0.1220
29	E	R	-0.3069	0.9969	-21.3538	-0.2660
29	E	S	-0.2379	0.9969	-21.3538	-0.1756
29	E	T	-0.2537	0.9969	-21.3538	-0.1964
29	E	V	-0.2376	0.9969	-21.3538	-0.1753
29	E	W	-0.2815	0.9969	-21.3538	-0.2327
29	E	Y	-0.2722	0.9969	-21.3538	-0.2206
30	F	A	-0.2632	1.1830	-7.1032	-0.3264
30	F	C	-0.3043	1.1830	-21.3910	-0.2847
30	F	D	-0.4591	1.1830	-21.3910	-0.4874
30	F	E	-0.4285	1.1830	-21.3910	-0.4473
30	F	G	-0.3715	1.1830	-21.3910	-0.3727
30	F	H	-0.3637	1.1830	-21.3910	-0.3625
30	F	I	-0.1833	1.1830	-2.4309	-0.2530
30	F	K	-0.4353	1.1830	-21.3910	-0.4563
30	F	L	-0.2422	1.1830	-21.3910	-0.2034
30	F	M	-0.2732	1.1830	-21.3910	-0.2440
30	F	N	-0.3887	1.1830	-21.3910	-0.3953
30	F	P	-0.4595	1.1830	-21.3910	-0.4879
30	F	Q	-0.3908	1.1830	-21.3910	-0.3980
30	F	R	-0.4367	1.1830	-21.3910	-0.4581
30	F	S	-0.3151	1.1830	-21.3910	-0.2989
30	F	T	-0.3614	1.1830	-21.3910	-0.3595
30	F	V	-0.1823	1.1830	-3.3484	-0.2456
30	F	W	-0.2596	1.1830	-21.3910	-0.2263
30	F	Y	-0.2279	1.1830	-21.3910	-0.1848
31	D	A	-0.3311	0.1440	-21.3962	-0.1947
31	D	C	-0.3726	0.1440	-21.3962	-0.2490
31	D	E	-0.2761	0.1440	-21.3962	-0.1226
31	D	F	-0.4313	0.1440	-21.3962	-0.3258
31	D	G	-0.2745	0.1440	-8.1084	-0.2093
31	D	H	-0.3405	0.1440	-21.3962	-0.2069
31	D	I	-0.4235	0.1440	-21.3962	-0.3156
31	D	K	-0.4019	0.1440	-21.3962	-0.2873
31	D	L	-0.4172	0.1440	-21.3962	-0.3073
31	D	M	-0.3559	0.1440	-21.3962	-0.2271
31	D	N	-0.2978	0.1440	-21.3962	-0.1511
31	D	P	-0.4681	0.1440	-21.3962	-0.3740
31	D	Q	-0.2801	0.1440	-6.1085	-0.2300
31	D	R	-0.4329	0.1440	-21.3962	-0.3279
31	D	S	-0.3376	0.1440	-21.3962	-0.2031
31	D	T	-0.3676	0.1440	-21.3962	-0.2424
31	D	V	-0.3782	0.1440	-21.3962	-0.2563
31	D	W	-0.4117	0.1440	-21.3962	-0.3002
31	D	Y	-0.3761	0.1440	-21.3962	-0.2536
32	I	A	-0.4220	0.0002	-21.3962	-0.2963
32	I	C	-0.4020	0.0002	-21.3962	-0.2701
32	I	D	-0.5460	0.0002	-21.3962	-0.4587
32	I	E	-0.5269	0.0002	-21.3962	-0.4337
32	I	F	-0.3829	0.0002	-21.3962	-0.2452
32	I	G	-0.5126	0.0002	-21.3962	-0.4150
32	I	H	-0.5126	0.0002	-21.3962	-0.4149
32	I	K	-0.5194	0.0002	-21.3962	-0.4239
32	I	L	-0.3072	0.0002	-21.3962	-0.1460
32	I	M	-0.3128	0.0002	-21.3962	-0.1534
32	I	N	-0.4591	0.0002	-21.3962	-0.3449
32	I	P	-0.5660	0.0002	-21.3962	-0.4849
32	I	Q	-0.4867	0.0002	-21.3962	-0.3810
32	I	R	-0.5463	0.0002	-21.3962	-0.4590
32	I	S	-0.4625	0.0002	-21.3962	-0.3494
32	I	T	-0.3794	0.0002	-21.3962	-0.2405
32	I	V	-0.2673	0.0002	-21.3962	-0.0938
32	I	W	-0.4719	0.0002	-21.3962	-0.3616
32	I	Y	-0.4807	0.0002	-21.3962	-0.3732
33	D	A	-0.3444	0.0002	-21.3962	-0.1947
33	D	C	-0.3859	0.0002	-21.3962	-0.2490
33	D	E	-0.2893	0.0002	-21.3962	-0.1226
33	D	F	-0.4445	0.0002	-21.3962	-0.3258
33	D	G	-0.3555	0.0002	-21.3962	-0.2093
33	D	H	-0.3537	0.0002	-21.3962	-0.2069
33	D	I	-0.4367	0.0002	-21.3962	-0.3156
33	D	K	-0.4151	0.0002	-21.3962	-0.2873
33	D	L	-0.4304	0.0002	-21.3962	-0.3073
33	D	M	-0.3691	0.0002	-21.3962	-0.2271
33	D	N	-0.3111	0.0002	-21.3962	-0.1511
33	D	P	-0.4813	0.0002	-21.3962	-0.3740
33	D	Q	-0.3713	0.0002	-21.3962	-0.2300
33	D	R	-0.4461	0.0002	-21.3962	-0.3279
33	D	S	-0.3508	0.0002	-21.3962	-0.2031
33	D	T	-0.3808	0.0002	-21.3962	-0.2424
33	D	V	-0.3914	0.0002	-21.3962	-0.2563
33	D	W	-0.4250	0.0002	-21.3962	-0.3002
33	D	Y	-0.3894	0.0002	-21.3962	-0.2536
34	M	A	-0.3166	0.8779	-21.3962	-0.2641
34	M	C	-0.3221	0.8779	-21.3962	-0.2713
34	M	D	-0.4281	0.8779	-21.3962	-0.4100
34	M	E	-0.4183	0.8779	-21.3962	-0.3972
34	M	F	-0.3217	0.8779	-21.3962	-0.2707
34	M	G	-0.3975	0.8779	-21.3962	-0.3700
34	M	H	-0.3749	0.8779	-21.3962	-0.3404
34	M	I	-0.2339	0.8779	-21.3962	-0.1558
34	M	K	-0.3792	0.8779	-21.3962	-0.3460
34	M	L	-0.1007	0.8779	-1.7510	-0.1126
34	M	N	-0.3697	0.8779	-21.3962	-0.3336
34	M	P	-0.4876	0.8779	-21.3962	-0.4879
34	M	Q	-0.3618	0.8779	-21.3962	-0.3232
34	M	R	-0.4065	0.8779	-21.3962	-0.3817
34	M	S	-0.3480	0.8779	-21.3962	-0.3052
34	M	T	-0.2878	0.8779	-21.3962	-0.2263
34	M	V	-0.2660	0.8779	-21.3962	-0.1978
34	M	W	-0.3845	0.8779	-21.3962	-0.3529
34	M	Y	-0.3640	0.8779	-21.3962	-0.3261
35	D	A	-0.1706	1.8886	-21.3962	-0.1947
35	D	C	-0.2121	1.8886	-21.3962	-0.2490
35	D	E	-0.0158	1.8886	-1.8417	-0.1226
35	D	F	-0.2707	1.8886	-21.3962	-0.3258
35	D	G	-0.0963	1.8886	-4.6491	-0.2093
35	D	H	-0.1799	1.8886	-21.3962	-0.2069
35	D	I	-0.2630	1.8886	-21.3962	-0.3156
35	D	K	-0.1633	1.8886	-6.1085	-0.2873
35	D	L	-0.2566	1.8886	-21.3962	-0.3073
35	D	M	-0.1954	1.8886	-21.3962	-0.2271
35	D	N	-0.0525	1.8886	-4.7866	-0.1511
35	D	P	-0.3076	1.8886	-21.3962	-0.3740
35	D	Q	-0.1247	1.8886	-7.1085	-0.2300
35	D	R	-0.1994	1.8886	-7.1085	-0.3279
35	D	S	-0.0930	1.8886	-4.9386	-0.2031
35	D	T	-0.1216	1.8886	-4.6491	-0.2424
35	D	V	-0.2177	1.8886	-21.3962	-0.2563
35	D	W	-0.2512	1.8886	-21.3962	-0.3002
35	D	Y	-0.2156	1.8886	-21.3962	-0.2536
36	A	C	-0.2492	0.9462	-21.3962	-0.1841
36	A	D	-0.2362	0.9462	-2.8231	-0.2911
36	A	E	-0.3166	0.9462	-21.3962	-0.2723
36	A	F	-0.2993	0.9462	-21.3962	-0.2497
36	A	G	-0.2427	0.9462	-21.3962	-0.1756
36	A	H	-0.3035	0.9462	-21.3962	-0.2551
36	A	I	-0.2889	0.9462	-21.3962	-0.2360
36	A	K	-0.3213	0.9462	-21.3962	-0.2784
36	A	L	-0.2936	0.9462	-21.3962	-0.2422
36	A	M	-0.2524	0.9462	-21.3962	-0.1882
36	A	N	-0.2115	0.9462	-3.7866	-0.2523
36	A	P	-0.3707	0.9462	-21.3962	-0.3431
36	A	Q	-0.2988	0.9462	-21.3962	-0.2490
36	A	R	-0.3319	0.9462	-21.3962	-0.2924
36	A	S	-0.2139	0.9462	-21.3962	-0.1379
36	A	T	-0.2199	0.9462	-21.3962	-0.1457
36	A	V	-0.2169	0.9462	-21.3962	-0.1418
36	A	W	-0.3103	0.9462	-21.3962	-0.2640
36	A	Y	-0.3185	0.9462	-21.3962	-0.2748
37	P	A	-0.3234	0.0002	-21.3962	-0.1672
37	P	C	-0.3561	0.0002	-21.3962	-0.2100
37	P	D	-0.3820	0.0002	-21.3962	-0.2439
37	P	E	-0.3658	0.0002	-21.3962	-0.2227
37	P	F	-0.3845	0.0002	-21.3962	-0.2472
37	P	G	-0.3377	0.0002	-21.3962	-0.1860
37	P	H	-0.3621	0.0002	-21.3962	-0.2179
37	P	I	-0.3675	0.0002	-21.3962	-0.2250
37	P	K	-0.3574	0.0002	-21.3962	-0.2118
37	P	L	-0.3721	0.0002	-21.3962	-0.2310
37	P	M	-0.3231	0.0002	-21.3962	-0.1668
37	P	N	-0.3501	0.0002	-21.3962	-0.2022
37	P	Q	-0.3518	0.0002	-21.3962	-0.2044
37	P	R	-0.3932	0.0002	-21.3962	-0.2586
37	P	S	-0.3231	0.0002	-21.3962	-0.1668
37	P	T	-0.3352	0.0002	-21.3962	-0.1827
37	P	V	-0.3229	0.0002	-21.3962	-0.1666
37	P	W	-0.3970	0.0002	-21.3962	-0.2636
37	P	Y	-0.3855	0.0002	-21.3962	-0.2485
38	E	A	-0.3075	0.0966	-21.3962	-0.1580
38	E	C	-0.3768	0.0966	-21.3962	-0.2488
38	E	D	-0.2003	0.0966	-7.1085	-0.1131
38	E	F	-0.3544	0.0966	-21.3962	-0.2195
38	E	G	-0.3332	0.0966	-21.3962	-0.1917
38	E	H	-0.3457	0.0966	-21.3962	-0.2081
38	E	I	-0.3598	0.0966	-21.3962	-0.2265
38	E	K	-0.3295	0.0966	-21.3962	-0.1868
38	E	L	-0.3619	0.0966	-21.3962	-0.2293
38	E	M	-0.3107	0.0966	-21.3962	-0.1623
38	E	N	-0.3337	0.0966	-21.3962	-0.1923
38	E	P	-0.4644	0.0966	-21.3962	-0.3635
38	E	Q	-0.2122	0.0966	-8.1084	-0.1220
38	E	R	-0.3900	0.0966	-21.3962	-0.2660
38	E	S	-0.3209	0.0966	-21.3962	-0.1756
38	E	T	-0.3368	0.0966	-21.3962	-0.1964
38	E	V	-0.3207	0.0966	-21.3962	-0.1753
38	E	W	-0.3645	0.0966	-21.3962	-0.2327
38	E	Y	-0.3553	0.0966	-21.3962	-0.2206
39	T	A	-0.3153	0.0347	-21.3962	-0.1608
39	T	C	-0.3511	0.0347	-21.3962	-0.2077
39	T	D	-0.4309	0.0347	-21.3962	-0.3121
39	T	E	-0.4062	0.0347	-21.3962	-0.2798
39	T	F	-0.4225	0.0347	-21.3962	-0.3012
39	T	G	-0.3888	0.0347	-21.3962	-0.2570
39	T	H	-0.4028	0.0347	-21.3962	-0.2754
39	T	I	-0.2734	0.0347	-8.1084	-0.1947
39	T	K	-0.3984	0.0347	-21.3962	-0.2696
39	T	L	-0.3931	0.0347	-21.3962	-0.2627
39	T	M	-0.3601	0.0347	-21.3962	-0.2194
39	T	N	-0.3709	0.0347	-21.3962	-0.2336
39	T	P	-0.4796	0.0347	-21.3962	-0.3759
39	T	Q	-0.3804	0.0347	-21.3962	-0.2460
39	T	R	-0.4012	0.0347	-21.3962	-0.2733
39	T	S	-0.2790	0.0347	-21.3962	-0.1133
39	T	V	-0.3287	0.0347	-21.3962	-0.1784
39	T	W	-0.4154	0.0347	-21.3962	-0.2919
39	T	Y	-0.4240	0.0347	-21.3962	-0.3031
40	E	A	-0.1906	0.4635	-5.1085	-0.1580
40	E	C	-0.3431	0.4635	-21.3962	-0.2488
40	E	D	-0.2394	0.4635	-21.3962	-0.1131
40	E	F	-0.3207	0.4635	-21.3962	-0.2195
40	E	G	-0.2994	0.4635	-21.3962	-0.1917
40	E	H	-0.3120	0.4635	-21.3962	-0.2081
40	E	I	-0.3260	0.4635	-21.3962	-0.2265
40	E	K	-0.2279	0.4635	-8.1084	-0.1868
40	E	L	-0.3282	0.4635	-21.3962	-0.2293
40	E	M	-0.2770	0.4635	-21.3962	-0.1623
40	E	N	-0.2999	0.4635	-21.3962	-0.1923
40	E	P	-0.4307	0.4635	-21.3962	-0.3635
40	E	Q	-0.1607	0.4635	-4.6491	-0.1220
40	E	R	-0.3562	0.4635	-21.3962	-0.2660
40	E	S	-0.2871	0.4635	-21.3962	-0.1756
40	E	T	-0.3030	0.4635	-21.3962	-0.1964
40	E	V	-0.2869	0.4635	-21.3962	-0.1753
40	E	W	-0.3308	0.4635	-21.3962	-0.2327
40	E	Y	-0.3215	0.4635	-21.3962	-0.2206
41	R	A	-0.3188	0.9435	-21.3962	-0.2748
41	R	C	-0.2598	0.9435	-8.1084	-0.2864
41	R	D	-0.4098	0.9435	-21.3962	-0.3940
41	R	E	-0.3550	0.9435	-21.3962	-0.3223
41	R	F	-0.3509	0.9435	-21.3962	-0.3169
41	R	G	-0.3541	0.9435	-21.3962	-0.3211
41	R	H	-0.2885	0.9435	-21.3962	-0.2352
41	R	I	-0.3482	0.9435	-21.3962	-0.3133
41	R	K	-0.1028	0.9435	-0.5772	-0.1311
41	R	L	-0.3212	0.9435	-21.3962	-0.2780
41	R	M	-0.2871	0.9435	-21.3962	-0.2333
41	R	N	-0.3336	0.9435	-21.3962	-0.2943
41	R	P	-0.4608	0.9435	-21.3962	-0.4608
41	R	Q	-0.2935	0.9435	-21.3962	-0.2417
41	R	S	-0.3193	0.9435	-21.3962	-0.2755
41	R	T	-0.3236	0.9435	-21.3962	-0.2812
41	R	V	-0.3353	0.9435	-21.3962	-0.2964
41	R	W	-0.3365	0.9435	-21.3962	-0.2980
41	R	Y	-0.3402	0.9435	-21.3962	-0.3029
42	A	C	-0.3363	0.0002	-21.3962	-0.1841
42	A	D	-0.4180	0.0002	-21.3962	-0.2911
42	A	E	-0.4036	0.0002	-21.3962	-0.2723
42	A	F	-0.3864	0.0002	-21.3962	-0.2497
42	A	G	-0.3298	0.0002	-21.3962	-0.1756
42	A	H	-0.3905	0.0002	-21.3962	-0.2551
42	A	I	-0.3759	0.0002	-21.3962	-0.2360
42	A	K	-0.4083	0.0002	-21.3962	-0.2784
42	A	L	-0.3807	0.0002	-21.3962	-0.2422
42	A	M	-0.3394	0.0002	-21.3962	-0.1882
42	A	N	-0.3884	0.0002	-21.3962	-0.2523
42	A	P	-0.4577	0.0002	-21.3962	-0.3431
42	A	Q	-0.3859	0.0002	-21.3962	-0.2490
42	A	R	-0.4190	0.0002	-21.3962	-0.2924
42	A	S	-0.3010	0.0002	-21.3962	-0.1379
42	A	T	-0.3069	0.0002	-21.3962	-0.1457
42	A	V	-0.3040	0.0002	-21.3962	-0.1418
42	A	W	-0.3973	0.0002	-21.3962	-0.2640
42	A	Y	-0.4056	0.0002	-21.3962	-0.2748
43	A	C	-0.3363	0.0002	-21.3962	-0.1841
43	A	D	-0.4180	0.0002	-21.3962	-0.2911
43	A	E	-0.4036	0.0002	-21.3962	-0.2723
43	A	F	-0.3864	0.0002	-21.3962	-0.2497
43	A	G	-0.3298	0.0002	-21.3962	-0.1756
43	A	H	-0.3905	0.0002	-21.3962	-0.2551
43	A	I	-0.3759	0.0002	-21.3962	-0.2360
43	A	K	-0.4083	0.0002	-21.3962	-0.2784
43	A	L	-0.3807	0.0002	-21.3962	-0.2422
43	A	M	-0.3394	0.0002	-21.3962	-0.1882
43	A	N	-0.3884	0.0002	-21.3962	-0.2523
43	A	P	-0.4577	0.0002	-21.3962	-0.3431
43	A	Q	-0.3859	0.0002	-21.3962	-0.2490
43	A	R	-0.4190	0.0002	-21.3962	-0.2924
43	A	S	-0.3010	0.0002	-21.3962	-0.1379
43	A	T	-0.3069	0.0002	-21.3962	-0.1457
43	A	V	-0.3040	0.0002	-21.3962	-0.1418
43	A	W	-0.3973	0.0002	-21.3962	-0.2640
43	A	Y	-0.4056	0.0002	-21.3962	-0.2748
44	V	A	-0.1833	0.9838	-7.1085	-0.1977
44	V	C	-0.2840	0.9838	-21.3962	-0.2342
44	V	D	-0.4228	0.9838	-21.3962	-0.4158
44	V	E	-0.3801	0.9838	-21.3962	-0.3599
44	V	F	-0.3333	0.9838	-21.3962	-0.2987
44	V	G	-0.3820	0.9838	-21.3962	-0.3624
44	V	H	-0.4257	0.9838	-21.3962	-0.4197
44	V	I	-0.1239	0.9838	-8.1084	-0.1133
44	V	K	-0.4190	0.9838	-21.3962	-0.4109
44	V	L	-0.1574	0.9838	-1.9187	-0.1985
44	V	M	-0.1930	0.9838	-7.1085	-0.2104
44	V	N	-0.4106	0.9838	-21.3962	-0.3999
44	V	P	-0.4605	0.9838	-21.3962	-0.4652
44	V	Q	-0.3907	0.9838	-21.3962	-0.3738
44	V	R	-0.4400	0.9838	-21.3962	-0.4384
44	V	S	-0.3598	0.9838	-21.3962	-0.3334
44	V	T	-0.2752	0.9838	-21.3962	-0.2226
44	V	W	-0.3739	0.9838	-21.3962	-0.3518
44	V	Y	-0.3768	0.9838	-21.3962	-0.3556
45	A	C	-0.2865	0.5408	-21.3962	-0.1841
45	A	D	-0.3683	0.5408	-21.3962	-0.2911
45	A	E	-0.3539	0.5408	-21.3962	-0.2723
45	A	F	-0.3366	0.5408	-21.3962	-0.2497
45	A	G	-0.2800	0.5408	-21.3962	-0.1756
45	A	H	-0.3408	0.5408	-21.3962	-0.2551
45	A	I	-0.2584	0.5408	-8.1084	-0.2360
45	A	K	-0.3586	0.5408	-21.3962	-0.2784
45	A	L	-0.3309	0.5408	-21.3962	-0.2422
45	A	M	-0.2897	0.5408	-21.3962	-0.1882
45	A	N	-0.3386	0.5408	-21.3962	-0.2523
45	A	P	-0.4080	0.5408	-21.3962	-0.3431
45	A	Q	-0.3361	0.5408	-21.3962	-0.2490
45	A	R	-0.3693	0.5408	-21.3962	-0.2924
45	A	S	-0.1834	0.5408	-8.1084	-0.1379
45	A	T	-0.1657	0.5408	-3.4647	-0.1457
45	A	V	-0.1864	0.5408	-8.1084	-0.1418
45	A	W	-0.3476	0.5408	-21.3962	-0.2640
45	A	Y	-0.3558	0.5408	-21.3962	-0.2748
46	I	A	-0.4188	0.0347	-21.3962	-0.2963
46	I	C	-0.3988	0.0347	-21.3962	-0.2701
46	I	D	-0.5428	0.0347	-21.3962	-0.4587
46	I	E	-0.5237	0.0347	-21.3962	-0.4337
46	I	F	-0.3798	0.0347	-21.3962	-0.2452
46	I	G	-0.5095	0.0347	-21.3962	-0.4150
46	I	H	-0.5094	0.0347	-21.3962	-0.4149
46	I	K	-0.5163	0.0347	-21.3962	-0.4239
46	I	L	-0.3040	0.0347	-21.3962	-0.1460
46	I	M	-0.3096	0.0347	-21.3962	-0.1534
46	I	N	-0.4559	0.0347	-21.3962	-0.3449
46	I	P	-0.5629	0.0347	-21.3962	-0.4849
46	I	Q	-0.4835	0.0347	-21.3962	-0.3810
46	I	R	-0.5431	0.0347	-21.3962	-0.4590
46	I	S	-0.4594	0.0347	-21.3962	-0.3494
46	I	T	-0.3762	0.0347	-21.3962	-0.2405
46	I	V	-0.1963	0.0347	-8.1084	-0.0938
46	I	W	-0.4687	0.0347	-21.3962	-0.3616
46	I	Y	-0.4775	0.0347	-21.3962	-0.3732
47	Q	A	-0.2956	0.0002	-21.3962	-0.1308
47	Q	C	-0.3418	0.0002	-21.3962	-0.1913
47	Q	D	-0.3821	0.0002	-21.3962	-0.2441
47	Q	E	-0.3007	0.0002	-21.3962	-0.1375
47	Q	F	-0.3498	0.0002	-21.3962	-0.2018
47	Q	G	-0.3662	0.0002	-21.3962	-0.2233
47	Q	H	-0.2966	0.0002	-21.3962	-0.1322
47	Q	I	-0.3312	0.0002	-21.3962	-0.1774
47	Q	K	-0.3287	0.0002	-21.3962	-0.1742
47	Q	L	-0.3145	0.0002	-21.3962	-0.1556
47	Q	M	-0.2855	0.0002	-21.3962	-0.1176
47	Q	N	-0.3112	0.0002	-21.3962	-0.1513
47	Q	P	-0.4692	0.0002	-21.3962	-0.3581
47	Q	R	-0.3273	0.0002	-21.3962	-0.1723
47	Q	S	-0.3140	0.0002	-21.3962	-0.1549
47	Q	T	-0.3239	0.0002	-21.3962	-0.1679
47	Q	V	-0.3312	0.0002	-21.3962	-0.1775
47	Q	W	-0.3492	0.0002	-21.3962	-0.2010
47	Q	Y	-0.3521	0.0002	-21.3962	-0.2048
48	S	A	-0.1698	1.1558	-21.3962	-0.1054
48	S	C	-0.1423	1.1558	-6.1085	-0.1715
48	S	D	-0.2685	1.1558	-21.3962	-0.2346
48	S	E	-0.1688	1.1558	-7.1085	-0.1995
48	S	F	-0.2479	1.1558	-21.3962	-0.2076
48	S	G	-0.0888	1.1558	-3.7162	-0.1174
48	S	H	-0.2491	1.1558	-21.3962	-0.2092
48	S	I	-0.2510	1.1558	-21.3962	-0.2117
48	S	K	-0.2584	1.1558	-21.3962	-0.2214
48	S	L	-0.2473	1.1558	-21.3962	-0.2068
48	S	M	-0.2183	1.1558	-21.3962	-0.1689
48	S	N	-0.0966	1.1558	-2.6823	-0.1346
48	S	P	-0.3233	1.1558	-21.3962	-0.3063
48	S	Q	-0.2118	1.1558	-21.3962	-0.1603
48	S	R	-0.2637	1.1558	-21.3962	-0.2283
48	S	T	-0.1605	1.1558	-21.3962	-0.0932
48	S	V	-0.2253	1.1558	-21.3962	-0.1780
48	S	W	-0.2576	1.1558	-21.3962	-0.2203
48	S	Y	-0.2527	1.1558	-21.3962	-0.2139
49	Q	A	-0.2421	0.5811	-21.3962	-0.1308
49	Q	C	-0.2883	0.5811	-21.3962	-0.1913
49	Q	D	-0.3287	0.5811	-21.3962	-0.2441
49	Q	E	-0.2472	0.5811	-21.3962	-0.1375
49	Q	F	-0.2963	0.5811	-21.3962	-0.2018
49	Q	G	-0.3128	0.5811	-21.3962	-0.2233
49	Q	H	-0.1673	0.5811	-6.5235	-0.1322
49	Q	I	-0.2777	0.5811	-21.3962	-0.1774
49	Q	K	-0.1832	0.5811	-3.3536	-0.1742
49	Q	L	-0.2611	0.5811	-21.3962	-0.1556
49	Q	M	-0.2320	0.5811	-21.3962	-0.1176
49	Q	N	-0.2578	0.5811	-21.3962	-0.1513
49	Q	P	-0.4157	0.5811	-21.3962	-0.3581
49	Q	R	-0.2060	0.5811	-8.1084	-0.1723
49	Q	S	-0.2605	0.5811	-21.3962	-0.1549
49	Q	T	-0.2705	0.5811	-21.3962	-0.1679
49	Q	V	-0.2778	0.5811	-21.3962	-0.1775
49	Q	W	-0.2957	0.5811	-21.3962	-0.2010
49	Q	Y	-0.2986	0.5811	-21.3962	-0.2048
50	F	A	-0.4418	0.0347	-21.3962	-0.3264
50	F	C	-0.4099	0.0347	-21.3962	-0.2847
50	F	D	-0.5648	0.0347	-21.3962	-0.4874
50	F	E	-0.5341	0.0347	-21.3962	-0.4473
50	F	G	-0.4772	0.0347	-21.3962	-0.3727
50	F	H	-0.4694	0.0347	-21.3962	-0.3625
50	F	I	-0.3857	0.0347	-21.3962	-0.2530
50	F	K	-0.5410	0.0347	-21.3962	-0.4563
50	F	L	-0.3478	0.0347	-21.3962	-0.2034
50	F	M	-0.3788	0.0347	-21.3962	-0.2440
50	F	N	-0.4944	0.0347	-21.3962	-0.3953
50	F	P	-0.5651	0.0347	-21.3962	-0.4879
50	F	Q	-0.4965	0.0347	-21.3962	-0.3980
50	F	R	-0.5424	0.0347	-21.3962	-0.4581
50	F	S	-0.4208	0.0347	-21.3962	-0.2989
50	F	T	-0.4671	0.0347	-21.3962	-0.3595
50	F	V	-0.3801	0.0347	-21.3962	-0.2456
50	F	W	-0.3653	0.0347	-21.3962	-0.2263
50	F	Y	-0.2658	0.0347	-8.1084	-0.1848
51	R	A	-0.4056	0.0002	-21.3962	-0.2748
51	R	C	-0.4144	0.0002	-21.3962	-0.2864
51	R	D	-0.4966	0.0002	-21.3962	-0.3940
51	R	E	-0.4418	0.0002	-21.3962	-0.3223
51	R	F	-0.4377	0.0002	-21.3962	-0.3169
51	R	G	-0.4409	0.0002	-21.3962	-0.3211
51	R	H	-0.3753	0.0002	-21.3962	-0.2352
51	R	I	-0.4350	0.0002	-21.3962	-0.3133
51	R	K	-0.2958	0.0002	-21.3962	-0.1311
51	R	L	-0.4080	0.0002	-21.3962	-0.2780
51	R	M	-0.3739	0.0002	-21.3962	-0.2333
51	R	N	-0.4205	0.0002	-21.3962	-0.2943
51	R	P	-0.5476	0.0002	-21.3962	-0.4608
51	R	Q	-0.3803	0.0002	-21.3962	-0.2417
51	R	S	-0.4061	0.0002	-21.3962	-0.2755
51	R	T	-0.4104	0.0002	-21.3962	-0.2812
51	R	V	-0.4221	0.0002	-21.3962	-0.2964
51	R	W	-0.4233	0.0002	-21.3962	-0.2980
51	R	Y	-0.4270	0.0002	-21.3962	-0.3029
52	K	A	-0.2405	0.8441	-21.3962	-0.1604
52	K	C	-0.3107	0.8441	-21.3962	-0.2523
52	K	D	-0.3495	0.8441	-21.3962	-0.3031
52	K	E	-0.2654	0.8441	-21.3962	-0.1930
52	K	F	-0.3116	0.8441	-21.3962	-0.2535
52	K	G	-0.2997	0.8441	-21.3962	-0.2379
52	K	H	-0.2506	0.8441	-21.3962	-0.1736
52	K	I	-0.2789	0.8441	-21.3962	-0.2106
52	K	L	-0.2776	0.8441	-21.3962	-0.2089
52	K	M	-0.2506	0.8441	-21.3962	-0.1736
52	K	N	-0.2588	0.8441	-21.3962	-0.1843
52	K	P	-0.4148	0.8441	-21.3962	-0.3886
52	K	Q	-0.2398	0.8441	-21.3962	-0.1594
52	K	R	-0.0746	0.8441	-1.8797	-0.0735
52	K	S	-0.2507	0.8441	-21.3962	-0.1737
52	K	T	-0.2625	0.8441	-21.3962	-0.1892
52	K	V	-0.2627	0.8441	-21.3962	-0.1895
52	K	W	-0.3206	0.8441	-21.3962	-0.2653
52	K	Y	-0.2965	0.8441	-21.3962	-0.2337
53	F	A	-0.4161	0.3127	-21.3699	-0.3264
53	F	C	-0.3842	0.3127	-21.3699	-0.2847
53	F	D	-0.5391	0.3127	-21.3699	-0.4874
53	F	E	-0.5084	0.3127	-21.3699	-0.4473
53	F	G	-0.4514	0.3127	-21.3699	-0.3727
53	F	H	-0.4437	0.3127	-21.3699	-0.3625
53	F	I	-0.2922	0.3127	-8.0820	-0.2530
53	F	K	-0.5153	0.3127	-21.3699	-0.4563
53	F	L	-0.3221	0.3127	-21.3699	-0.2034
53	F	M	-0.3531	0.3127	-21.3699	-0.2440
53	F	N	-0.4687	0.3127	-21.3699	-0.3953
53	F	P	-0.5394	0.3127	-21.3699	-0.4879
53	F	Q	-0.4708	0.3127	-21.3699	-0.3980
53	F	R	-0.5167	0.3127	-21.3699	-0.4581
53	F	S	-0.3951	0.3127	-21.3699	-0.2989
53	F	T	-0.4414	0.3127	-21.3699	-0.3595
53	F	V	-0.3544	0.3127	-21.3699	-0.2456
53	F	W	-0.3396	0.3127	-21.3699	-0.2263
53	F	Y	-0.2212	0.3127	-4.3817	-0.1848
54	Q	A	-0.2896	0.0630	-21.3699	-0.1308
54	Q	C	-0.3359	0.0630	-21.3699	-0.1913
54	Q	D	-0.3762	0.0630	-21.3699	-0.2441
54	Q	E	-0.2948	0.0630	-21.3699	-0.1375
54	Q	F	-0.3439	0.0630	-21.3699	-0.2018
54	Q	G	-0.3603	0.0630	-21.3699	-0.2233
54	Q	H	-0.2907	0.0630	-21.3699	-0.1322
54	Q	I	-0.3252	0.0630	-21.3699	-0.1774
54	Q	K	-0.2499	0.0630	-7.0821	-0.1742
54	Q	L	-0.3086	0.0630	-21.3699	-0.1556
54	Q	M	-0.2796	0.0630	-21.3699	-0.1176
54	Q	N	-0.3053	0.0630	-21.3699	-0.1513
54	Q	P	-0.4633	0.0630	-21.3699	-0.3581
54	Q	R	-0.3213	0.0630	-21.3699	-0.1723
54	Q	S	-0.3081	0.0630	-21.3699	-0.1549
54	Q	T	-0.3180	0.0630	-21.3699	-0.1679
54	Q	V	-0.3253	0.0630	-21.3699	-0.1775
54	Q	W	-0.3433	0.0630	-21.3699	-0.2010
54	Q	Y	-0.3462	0.0630	-21.3699	-0.2048
55	K	A	-0.2876	0.3306	-21.3699	-0.1604
55	K	C	-0.3578	0.3306	-21.3699	-0.2523
55	K	D	-0.3966	0.3306	-21.3699	-0.3031
55	K	E	-0.3125	0.3306	-21.3699	-0.1930
55	K	F	-0.3588	0.3306	-21.3699	-0.2535
55	K	G	-0.3468	0.3306	-21.3699	-0.2379
55	K	H	-0.2977	0.3306	-21.3699	-0.1736
55	K	I	-0.3260	0.3306	-21.3699	-0.2106
55	K	L	-0.3247	0.3306	-21.3699	-0.2089
55	K	M	-0.2977	0.3306	-21.3699	-0.1736
55	K	N	-0.3059	0.3306	-21.3699	-0.1843
55	K	P	-0.4619	0.3306	-21.3699	-0.3886
55	K	Q	-0.2869	0.3306	-21.3699	-0.1594
55	K	R	-0.1432	0.3306	-6.0821	-0.0735
55	K	S	-0.2219	0.3306	-6.4971	-0.1737
55	K	T	-0.2300	0.3306	-5.7602	-0.1892
55	K	V	-0.3099	0.3306	-21.3699	-0.1895
55	K	W	-0.3678	0.3306	-21.3699	-0.2653
55	K	Y	-0.3436	0.3306	-21.3699	-0.2337
56	K	A	-0.2694	0.5283	-21.3699	-0.1604
56	K	C	-0.3396	0.5283	-21.3699	-0.2523
56	K	D	-0.3784	0.5283	-21.3699	-0.3031
56	K	E	-0.2943	0.5283	-21.3699	-0.1930
56	K	F	-0.3406	0.5283	-21.3699	-0.2535
56	K	G	-0.3286	0.5283	-21.3699	-0.2379
56	K	H	-0.2795	0.5283	-21.3699	-0.1736
56	K	I	-0.3078	0.5283	-21.3699	-0.2106
56	K	L	-0.3065	0.5283	-21.3699	-0.2089
56	K	M	-0.2795	0.5283	-21.3699	-0.1736
56	K	N	-0.2148	0.5283	-7.0821	-0.1843
56	K	P	-0.4438	0.5283	-21.3699	-0.3886
56	K	Q	-0.2009	0.5283	-8.0820	-0.1594
56	K	R	-0.1119	0.5283	-3.4972	-0.0735
56	K	S	-0.2796	0.5283	-21.3699	-0.1737
56	K	T	-0.2914	0.5283	-21.3699	-0.1892
56	K	V	-0.2917	0.5283	-21.3699	-0.1895
56	K	W	-0.3496	0.5283	-21.3699	-0.2653
56	K	Y	-0.3254	0.5283	-21.3699	-0.2337
57	K	A	-0.3180	0.0002	-21.3699	-0.1604
57	K	C	-0.3882	0.0002	-21.3699	-0.2523
57	K	D	-0.4270	0.0002	-21.3699	-0.3031
57	K	E	-0.3429	0.0002	-21.3699	-0.1930
57	K	F	-0.3892	0.0002	-21.3699	-0.2535
57	K	G	-0.3772	0.0002	-21.3699	-0.2379
57	K	H	-0.3281	0.0002	-21.3699	-0.1736
57	K	I	-0.3564	0.0002	-21.3699	-0.2106
57	K	L	-0.3551	0.0002	-21.3699	-0.2089
57	K	M	-0.3281	0.0002	-21.3699	-0.1736
57	K	N	-0.3363	0.0002	-21.3699	-0.1843
57	K	P	-0.4923	0.0002	-21.3699	-0.3886
57	K	Q	-0.3173	0.0002	-21.3699	-0.1594
57	K	R	-0.2517	0.0002	-21.3699	-0.0735
57	K	S	-0.3282	0.0002	-21.3699	-0.1737
57	K	T	-0.3400	0.0002	-21.3699	-0.1892
57	K	V	-0.3403	0.0002	-21.3699	-0.1895
57	K	W	-0.3982	0.0002	-21.3699	-0.2653
57	K	Y	-0.3740	0.0002	-21.3699	-0.2337
58	A	C	-0.1876	1.5397	-20.0157	-0.1841
58	A	D	-0.2693	1.5397	-20.0157	-0.2911
58	A	E	-0.2549	1.5397	-20.0157	-0.2723
58	A	F	-0.2377	1.5397	-20.0157	-0.2497
58	A	G	-0.1133	1.5397	-6.7278	-0.1756
58	A	H	-0.1689	1.5397	-5.7279	-0.2551
58	A	I	-0.2272	1.5397	-20.0157	-0.2360
58	A	K	-0.1867	1.5397	-5.7279	-0.2784
58	A	L	-0.2319	1.5397	-20.0157	-0.2422
58	A	M	-0.1907	1.5397	-20.0157	-0.1882
58	A	N	-0.1617	1.5397	-4.7279	-0.2523
58	A	P	-0.3090	1.5397	-20.0157	-0.3431
58	A	Q	-0.1499	1.5397	-2.9206	-0.2490
58	A	R	-0.1893	1.5397	-4.1430	-0.2924
58	A	S	-0.1523	1.5397	-20.0157	-0.1379
58	A	T	-0.0853	1.5397	-5.7279	-0.1457
58	A	V	-0.1553	1.5397	-20.0157	-0.1418
58	A	W	-0.2486	1.5397	-20.0157	-0.2640
58	A	Y	-0.2569	1.5397	-20.0157	-0.2748
59	G	A	-0.2808	0.9946	-20.0157	-0.2405
59	G	C	-0.3405	0.9946	-20.0157	-0.3187
59	G	D	-0.2512	0.9946	-2.4060	-0.3194
59	G	E	-0.3404	0.9946	-20.0157	-0.3185
59	G	F	-0.3787	0.9946	-20.0157	-0.3686
59	G	H	-0.2856	0.9946	-6.7278	-0.3355
59	G	I	-0.4243	0.9946	-20.0157	-0.4284
59	G	K	-0.3733	0.9946	-20.0157	-0.3616
59	G	L	-0.3926	0.9946	-20.0157	-0.3868
59	G	M	-0.3308	0.9946	-20.0157	-0.3059
59	G	N	-0.2736	0.9946	-6.7278	-0.3198
59	G	P	-0.4385	0.9946	-20.0157	-0.4469
59	G	Q	-0.3443	0.9946	-20.0157	-0.3236
59	G	R	-0.3573	0.9946	-20.0157	-0.3407
59	G	S	-0.2189	0.9946	-6.7278	-0.2482
59	G	T	-0.3636	0.9946	-20.0157	-0.3489
59	G	V	-0.2998	0.9946	-6.7278	-0.3541
59	G	W	-0.3784	0.9946	-20.0157	-0.3683
59	G	Y	-0.3790	0.9946	-20.0157	-0.3691
60	S	A	-0.0603	1.4037	-4.4060	-0.1054
60	S	C	-0.1905	1.4037	-20.0157	-0.1715
60	S	D	-0.1607	1.4037	-4.7279	-0.2346
60	S	E	-0.1279	1.4037	-3.5580	-0.1995
60	S	F	-0.2180	1.4037	-20.0157	-0.2076
60	S	G	-0.1491	1.4037	-20.0157	-0.1174
60	S	H	-0.2193	1.4037	-20.0157	-0.2092
60	S	I	-0.2212	1.4037	-20.0157	-0.2117
60	S	K	-0.2286	1.4037	-20.0157	-0.2214
60	S	L	-0.2174	1.4037	-20.0157	-0.2068
60	S	M	-0.1885	1.4037	-20.0157	-0.1689
60	S	N	-0.1623	1.4037	-20.0157	-0.1346
60	S	P	-0.2205	1.4037	-5.7279	-0.3063
60	S	Q	-0.1819	1.4037	-20.0157	-0.1603
60	S	R	-0.2339	1.4037	-20.0157	-0.2283
60	S	T	-0.1307	1.4037	-20.0157	-0.0932
60	S	V	-0.1123	1.4037	-3.7279	-0.1780
60	S	W	-0.2277	1.4037	-20.0157	-0.2203
60	S	Y	-0.2229	1.4037	-20.0157	-0.2139
61	Q	A	-0.1956	1.0093	-20.0020	-0.1308
61	Q	C	-0.2418	1.0093	-20.0020	-0.1913
61	Q	D	-0.2821	1.0093	-20.0020	-0.2441
61	Q	E	-0.1329	1.0093	-6.7141	-0.1375
61	Q	F	-0.2498	1.0093	-20.0020	-0.2018
61	Q	G	-0.2663	1.0093	-20.0020	-0.2233
61	Q	H	-0.1967	1.0093	-20.0020	-0.1322
61	Q	I	-0.2312	1.0093	-20.0020	-0.1774
61	Q	K	-0.1379	1.0093	-2.1907	-0.1742
61	Q	L	-0.2145	1.0093	-20.0020	-0.1556
61	Q	M	-0.1855	1.0093	-20.0020	-0.1176
61	Q	N	-0.2113	1.0093	-20.0020	-0.1513
61	Q	P	-0.3692	1.0093	-20.0020	-0.3581
61	Q	R	-0.2273	1.0093	-20.0020	-0.1723
61	Q	S	-0.1381	1.0093	-5.1293	-0.1549
61	Q	T	-0.2239	1.0093	-20.0020	-0.1679
61	Q	V	-0.2313	1.0093	-20.0020	-0.1775
61	Q	W	-0.2492	1.0093	-20.0020	-0.2010
61	Q	Y	-0.2521	1.0093	-20.0020	-0.2048
62	S	A	-0.1941	0.0780	-6.7141	-0.1054
62	S	C	-0.3124	0.0780	-20.0020	-0.1715
62	S	D	-0.3606	0.0780	-20.0020	-0.2346
62	S	E	-0.3338	0.0780	-20.0020	-0.1995
62	S	F	-0.3400	0.0780	-20.0020	-0.2076
62	S	G	-0.2711	0.0780	-20.0020	-0.1174
62	S	H	-0.3412	0.0780	-20.0020	-0.2092
62	S	I	-0.3431	0.0780	-20.0020	-0.2117
62	S	K	-0.3505	0.0780	-20.0020	-0.2214
62	S	L	-0.3393	0.0780	-20.0020	-0.2068
62	S	M	-0.3104	0.0780	-20.0020	-0.1689
62	S	N	-0.2842	0.0780	-20.0020	-0.1346
62	S	P	-0.4153	0.0780	-20.0020	-0.3063
62	S	Q	-0.3038	0.0780	-20.0020	-0.1603
62	S	R	-0.3558	0.0780	-20.0020	-0.2283
62	S	T	-0.2526	0.0780	-20.0020	-0.0932
62	S	V	-0.3173	0.0780	-20.0020	-0.1780
62	S	W	-0.3497	0.0780	-20.0020	-0.2203
62	S	Y	-0.3448	0.0780	-20.0020	-0.2139
