# avg	std	min	max
1.44094 0.00000 1.44094 1.44094
0.00000 0.00000 0.00000 0.00000
3.80739 0.00000 3.80739 3.80739
4.63739 0.00000 4.63739 4.63739
6.69852 0.00000 6.69852 6.69852
0.81249 0.00000 0.81249 0.81249
8.83825 0.00000 8.83825 8.83825
9.04087 0.00000 9.04087 9.04087
7.08190 0.00000 7.08190 7.08190
1.02830 0.00000 1.02830 1.02830
2.44724 0.00000 2.44724 2.44724
1.75861 0.00000 1.75861 1.75861
8.85434 0.00000 8.85434 8.85434
7.34818 0.00000 7.34818 7.34818
4.25987 0.00000 4.25987 4.25987
8.42532 0.00000 8.42532 8.42532
3.69094 0.00000 3.69094 3.69094
3.41275 0.00000 3.41275 3.41275
3.80522 0.00000 3.80522 3.80522
11.75576 0.00000 11.75576 11.75576
5.21336 0.00000 5.21336 5.21336
11.08916 0.00000 11.08916 11.08916
9.71654 0.00000 9.71654 9.71654
