# avg	std	min	max
0.80443 0.00000 0.80443 0.80443
0.00000 0.00000 0.00000 0.00000
0.45391 0.00000 0.45391 0.45391
-0.43450 0.00000 -0.43450 -0.43450
-0.14372 0.00000 -0.14372 -0.14372
-0.29973 0.00000 -0.29973 -0.29973
-0.35526 0.00000 -0.35526 -0.35526
-0.37450 0.00000 -0.37450 -0.37450
3.29979 0.00000 3.29979 3.29979
0.95997 0.00000 0.95997 0.95997
0.77394 0.00000 0.77394 0.77394
0.81674 0.00000 0.81674 0.81674
-0.32255 0.00000 -0.32255 -0.32255
0.12120 0.00000 0.12120 0.12120
-0.11936 0.00000 -0.11936 -0.11936
0.18502 0.00000 0.18502 0.18502
-0.23902 0.00000 -0.23902 -0.23902
0.14327 0.00000 0.14327 0.14327
0.45798 0.00000 0.45798 0.45798
0.03366 0.00000 0.03366 0.03366
-0.03368 0.00000 -0.03368 -0.03368
-0.10405 0.00000 -0.10405 -0.10405
-1.64428 0.00000 -1.64428 -1.64428
