# avg	std	min	max
0.58138 0.00000 0.58138 0.58138
-0.58964 0.00000 -0.58964 -0.58964
0.38795 0.00000 0.38795 0.38795
-0.68213 0.00000 -0.68213 -0.68213
-0.63599 0.00000 -0.63599 -0.63599
-1.30926 0.00000 -1.30926 -1.30926
-0.34485 0.00000 -0.34485 -0.34485
1.14149 0.00000 1.14149 1.14149
2.76064 0.00000 2.76064 2.76064
-0.26101 0.00000 -0.26101 -0.26101
0.47533 0.00000 0.47533 0.47533
-0.00000 0.00000 -0.00000 -0.00000
-0.03001 0.00000 -0.03001 -0.03001
-0.93745 0.00000 -0.93745 -0.93745
-0.39335 0.00000 -0.39335 -0.39335
-0.61268 0.00000 -0.61268 -0.61268
-0.60901 0.00000 -0.60901 -0.60901
0.26809 0.00000 0.26809 0.26809
0.75571 0.00000 0.75571 0.75571
1.09500 0.00000 1.09500 1.09500
0.09170 0.00000 0.09170 0.09170
2.06007 0.00000 2.06007 2.06007
-0.08556 0.00000 -0.08556 -0.08556
