# avg	std	min	max
1.93515 0.00000 1.93515 1.93515
2.43708 0.00000 2.43708 2.43708
3.09595 0.00000 3.09595 3.09595
2.26026 0.00000 2.26026 2.26026
2.76523 0.00000 2.76523 2.76523
2.40643 0.00000 2.40643 2.40643
2.80763 0.00000 2.80763 2.80763
1.63642 0.00000 1.63642 1.63642
-0.25790 0.00000 -0.25790 -0.25790
2.07548 0.00000 2.07548 2.07548
2.99874 0.00000 2.99874 2.99874
2.53185 0.00000 2.53185 2.53185
2.76131 0.00000 2.76131 2.76131
2.01384 0.00000 2.01384 2.01384
2.44832 0.00000 2.44832 2.44832
0.00000 0.00000 0.00000 0.00000
0.48593 0.00000 0.48593 0.48593
2.32909 0.00000 2.32909 2.32909
2.09009 0.00000 2.09009 2.09009
2.35551 0.00000 2.35551 2.35551
0.64348 0.00000 0.64348 0.64348
3.01538 0.00000 3.01538 3.01538
2.38727 0.00000 2.38727 2.38727
