# avg	std	min	max
0.42784 0.00000 0.42784 0.42784
0.51106 0.00000 0.51106 0.51106
0.71292 0.00000 0.71292 0.71292
0.59157 0.00000 0.59157 0.59157
0.67391 0.00000 0.67391 0.67391
0.42562 0.00000 0.42562 0.42562
0.48122 0.00000 0.48122 0.48122
0.27518 0.00000 0.27518 0.27518
-0.35715 0.00000 -0.35715 -0.35715
0.60438 0.00000 0.60438 0.60438
0.59614 0.00000 0.59614 0.59614
0.53230 0.00000 0.53230 0.53230
0.53070 0.00000 0.53070 0.53070
0.59632 0.00000 0.59632 0.59632
0.47086 0.00000 0.47086 0.47086
0.33474 0.00000 0.33474 0.33474
-0.00557 0.00000 -0.00557 -0.00557
0.59204 0.00000 0.59204 0.59204
0.60125 0.00000 0.60125 0.60125
0.58486 0.00000 0.58486 0.58486
0.25424 0.00000 0.25424 0.25424
0.32929 0.00000 0.32929 0.32929
-0.29237 0.00000 -0.29237 -0.29237
