# avg	std	min	max
0.74892 0.00000 0.74892 0.74892
0.09036 0.00000 0.09036 0.09036
0.60839 0.00000 0.60839 0.60839
0.05453 0.00000 0.05453 0.05453
0.18111 0.00000 0.18111 0.18111
-0.15457 0.00000 -0.15457 -0.15457
-0.10517 0.00000 -0.10517 -0.10517
0.34614 0.00000 0.34614 0.34614
2.00875 0.00000 2.00875 2.00875
0.13392 0.00000 0.13392 0.13392
0.32852 0.00000 0.32852 0.32852
0.82914 0.00000 0.82914 0.82914
-0.56342 0.00000 -0.56342 -0.56342
0.87613 0.00000 0.87613 0.87613
0.13580 0.00000 0.13580 0.13580
0.56479 0.00000 0.56479 0.56479
-0.00321 0.00000 -0.00321 -0.00321
0.17583 0.00000 0.17583 0.17583
0.45560 0.00000 0.45560 0.45560
0.94039 0.00000 0.94039 0.94039
0.38566 0.00000 0.38566 0.38566
0.71577 0.00000 0.71577 0.71577
-0.56082 0.00000 -0.56082 -0.56082
