# avg	std	min	max
1.29547 0.00000 1.29547 1.29547
-0.06497 0.00000 -0.06497 -0.06497
-0.03932 0.00000 -0.03932 -0.03932
-0.64043 0.00000 -0.64043 -0.64043
-0.52696 0.00000 -0.52696 -0.52696
-0.80411 0.00000 -0.80411 -0.80411
-0.73591 0.00000 -0.73591 -0.73591
-0.14147 0.00000 -0.14147 -0.14147
1.29956 0.00000 1.29956 1.29956
0.80507 0.00000 0.80507 0.80507
0.62920 0.00000 0.62920 0.62920
0.57998 0.00000 0.57998 0.57998
-0.61962 0.00000 -0.61962 -0.61962
-0.21236 0.00000 -0.21236 -0.21236
0.02131 0.00000 0.02131 0.02131
0.85241 0.00000 0.85241 0.85241
-0.01991 0.00000 -0.01991 -0.01991
-0.04386 0.00000 -0.04386 -0.04386
0.04849 0.00000 0.04849 0.04849
0.24585 0.00000 0.24585 0.24585
1.10423 0.00000 1.10423 1.10423
1.43932 0.00000 1.43932 1.43932
-0.54689 0.00000 -0.54689 -0.54689
