# avg	std	min	max
1.00272 0.00000 1.00272 1.00272
0.50092 0.00000 0.50092 0.50092
0.46374 0.00000 0.46374 0.46374
-0.50918 0.00000 -0.50918 -0.50918
-0.12646 0.00000 -0.12646 -0.12646
-0.53812 0.00000 -0.53812 -0.53812
0.25970 0.00000 0.25970 0.25970
0.15688 0.00000 0.15688 0.15688
5.30975 0.00000 5.30975 5.30975
0.43763 0.00000 0.43763 0.43763
0.49428 0.00000 0.49428 0.49428
0.56352 0.00000 0.56352 0.56352
0.29339 0.00000 0.29339 0.29339
0.58925 0.00000 0.58925 0.58925
0.15772 0.00000 0.15772 0.15772
0.48381 0.00000 0.48381 0.48381
-0.00042 0.00000 -0.00042 -0.00042
-0.04819 0.00000 -0.04819 -0.04819
0.43349 0.00000 0.43349 0.43349
0.99304 0.00000 0.99304 0.99304
0.33326 0.00000 0.33326 0.33326
0.48788 0.00000 0.48788 0.48788
-0.00150 0.00000 -0.00150 -0.00150
