# avg	std	min	max
1.09346 0.00000 1.09346 1.09346
0.01650 0.00000 0.01650 0.01650
0.27680 0.00000 0.27680 0.27680
-0.48099 0.00000 -0.48099 -0.48099
-0.39519 0.00000 -0.39519 -0.39519
-0.75894 0.00000 -0.75894 -0.75894
-0.62669 0.00000 -0.62669 -0.62669
-0.15881 0.00000 -0.15881 -0.15881
3.17538 0.00000 3.17538 3.17538
0.71142 0.00000 0.71142 0.71142
0.36531 0.00000 0.36531 0.36531
0.70964 0.00000 0.70964 0.70964
-0.56892 0.00000 -0.56892 -0.56892
0.70146 0.00000 0.70146 0.70146
-0.10511 0.00000 -0.10511 -0.10511
0.93217 0.00000 0.93217 0.93217
-0.00000 0.00000 -0.00000 -0.00000
-0.26647 0.00000 -0.26647 -0.26647
0.09289 0.00000 0.09289 0.09289
0.48204 0.00000 0.48204 0.48204
0.69607 0.00000 0.69607 0.69607
1.91915 0.00000 1.91915 1.91915
-0.77393 0.00000 -0.77393 -0.77393
