# avg	std	min	max
0.90222 0.00000 0.90222 0.90222
0.12449 0.00000 0.12449 0.12449
0.56659 0.00000 0.56659 0.56659
-0.10508 0.00000 -0.10508 -0.10508
0.05270 0.00000 0.05270 0.05270
-0.45766 0.00000 -0.45766 -0.45766
-0.11218 0.00000 -0.11218 -0.11218
0.07428 0.00000 0.07428 0.07428
4.43315 0.00000 4.43315 4.43315
0.28646 0.00000 0.28646 0.28646
0.10150 0.00000 0.10150 0.10150
0.93427 0.00000 0.93427 0.93427
-0.04965 0.00000 -0.04965 -0.04965
0.81170 0.00000 0.81170 0.81170
-0.03769 0.00000 -0.03769 -0.03769
0.18814 0.00000 0.18814 0.18814
-0.00054 0.00000 -0.00054 -0.00054
-0.01041 0.00000 -0.01041 -0.01041
0.17741 0.00000 0.17741 0.17741
0.65655 0.00000 0.65655 0.65655
0.52212 0.00000 0.52212 0.52212
0.24971 0.00000 0.24971 0.24971
-0.16745 0.00000 -0.16745 -0.16745
