# avg	std	min	max
1.57540 0.00000 1.57540 1.57540
1.73794 0.00000 1.73794 1.73794
1.50855 0.00000 1.50855 1.50855
0.41132 0.00000 0.41132 0.41132
1.35621 0.00000 1.35621 1.35621
1.01777 0.00000 1.01777 1.01777
1.59430 0.00000 1.59430 1.59430
1.96834 0.00000 1.96834 1.96834
-0.47238 0.00000 -0.47238 -0.47238
1.24402 0.00000 1.24402 1.24402
1.24849 0.00000 1.24849 1.24849
2.25409 0.00000 2.25409 2.25409
1.78327 0.00000 1.78327 1.78327
1.99017 0.00000 1.99017 1.99017
1.34412 0.00000 1.34412 1.34412
-0.31203 0.00000 -0.31203 -0.31203
0.00000 0.00000 0.00000 0.00000
1.28186 0.00000 1.28186 1.28186
1.98531 0.00000 1.98531 1.98531
2.38441 0.00000 2.38441 2.38441
0.81502 0.00000 0.81502 0.81502
0.80008 0.00000 0.80008 0.80008
0.95239 0.00000 0.95239 0.95239
