# avg	std	min	max
4.40855 0.00000 4.40855 4.40855
3.70011 0.00000 3.70011 3.70011
2.64592 0.00000 2.64592 2.64592
1.20800 0.00000 1.20800 1.20800
2.34274 0.00000 2.34274 2.34274
0.71758 0.00000 0.71758 0.71758
-0.01842 0.00000 -0.01842 -0.01842
1.10983 0.00000 1.10983 1.10983
3.27162 0.00000 3.27162 3.27162
3.79161 0.00000 3.79161 3.79161
3.30403 0.00000 3.30403 3.30403
3.19499 0.00000 3.19499 3.19499
0.56970 0.00000 0.56970 0.56970
3.44468 0.00000 3.44468 3.44468
3.16986 0.00000 3.16986 3.16986
4.01217 0.00000 4.01217 4.01217
3.33726 0.00000 3.33726 3.33726
3.27544 0.00000 3.27544 3.27544
4.12505 0.00000 4.12505 4.12505
2.68833 0.00000 2.68833 2.68833
4.75007 0.00000 4.75007 4.75007
3.94491 0.00000 3.94491 3.94491
1.64608 0.00000 1.64608 1.64608
