# avg	std	min	max
6.33444 0.00000 6.33444 6.33444
4.84591 0.00000 4.84591 4.84591
4.26584 0.00000 4.26584 4.26584
1.72941 0.00000 1.72941 1.72941
2.69274 0.00000 2.69274 2.69274
0.99028 0.00000 0.99028 0.99028
-0.02579 0.00000 -0.02579 -0.02579
4.75255 0.00000 4.75255 4.75255
8.94103 0.00000 8.94103 8.94103
6.00620 0.00000 6.00620 6.00620
4.95655 0.00000 4.95655 4.95655
4.78165 0.00000 4.78165 4.78165
3.10254 0.00000 3.10254 3.10254
4.37870 0.00000 4.37870 4.37870
5.13772 0.00000 5.13772 5.13772
5.16162 0.00000 5.16162 5.16162
5.03472 0.00000 5.03472 5.03472
4.42616 0.00000 4.42616 4.42616
6.32199 0.00000 6.32199 6.32199
2.69371 0.00000 2.69371 2.69371
7.89790 0.00000 7.89790 7.89790
5.65039 0.00000 5.65039 5.65039
15.88020 0.00000 15.88020 15.88020
