# avg	std	min	max
1.55281 0.00000 1.55281 1.55281
-0.03552 0.00000 -0.03552 -0.03552
0.32477 0.00000 0.32477 0.32477
-0.09584 0.00000 -0.09584 -0.09584
0.20704 0.00000 0.20704 0.20704
1.42137 0.00000 1.42137 1.42137
0.04934 0.00000 0.04934 0.04934
1.76600 0.00000 1.76600 1.76600
-0.32594 0.00000 -0.32594 -0.32594
0.15748 0.00000 0.15748 0.15748
0.23880 0.00000 0.23880 0.23880
0.13235 0.00000 0.13235 0.13235
0.02531 0.00000 0.02531 0.02531
-0.29595 0.00000 -0.29595 -0.29595
0.16322 0.00000 0.16322 0.16322
-0.39261 0.00000 -0.39261 -0.39261
0.00487 0.00000 0.00487 0.00487
0.00005 0.00000 0.00005 0.00005
0.19549 0.00000 0.19549 0.19549
1.84649 0.00000 1.84649 1.84649
0.08372 0.00000 0.08372 0.08372
0.07938 0.00000 0.07938 0.07938
-0.21050 0.00000 -0.21050 -0.21050
