# avg	std	min	max
1.61310 0.00000 1.61310 1.61310
0.61339 0.00000 0.61339 0.61339
0.69503 0.00000 0.69503 0.69503
0.15410 0.00000 0.15410 0.15410
0.09009 0.00000 0.09009 0.09009
-0.07863 0.00000 -0.07863 -0.07863
0.19111 0.00000 0.19111 0.19111
0.14853 0.00000 0.14853 0.14853
2.21979 0.00000 2.21979 2.21979
0.65098 0.00000 0.65098 0.65098
0.44552 0.00000 0.44552 0.44552
1.14956 0.00000 1.14956 1.14956
0.23682 0.00000 0.23682 0.23682
1.00443 0.00000 1.00443 1.00443
0.12453 0.00000 0.12453 0.12453
1.36460 0.00000 1.36460 1.36460
0.73859 0.00000 0.73859 0.73859
-0.01981 0.00000 -0.01981 -0.01981
-0.08318 0.00000 -0.08318 -0.08318
0.71220 0.00000 0.71220 0.71220
1.37012 0.00000 1.37012 1.37012
1.31844 0.00000 1.31844 1.31844
0.27268 0.00000 0.27268 0.27268
