# avg	std	min	max
1.69325 0.00000 1.69325 1.69325
0.84719 0.00000 0.84719 0.84719
0.69089 0.00000 0.69089 0.69089
-0.00445 0.00000 -0.00445 -0.00445
0.13431 0.00000 0.13431 0.13431
0.20014 0.00000 0.20014 0.20014
0.20829 0.00000 0.20829 0.20829
1.00733 0.00000 1.00733 1.00733
3.98737 0.00000 3.98737 3.98737
1.73784 0.00000 1.73784 1.73784
1.31925 0.00000 1.31925 1.31925
1.53206 0.00000 1.53206 1.53206
0.46327 0.00000 0.46327 0.46327
1.04744 0.00000 1.04744 1.04744
0.46760 0.00000 0.46760 0.46760
0.30311 0.00000 0.30311 0.30311
-0.43399 0.00000 -0.43399 -0.43399
0.95933 0.00000 0.95933 0.95933
1.41440 0.00000 1.41440 1.41440
1.37038 0.00000 1.37038 1.37038
-0.31785 0.00000 -0.31785 -0.31785
0.15446 0.00000 0.15446 0.15446
0.24277 0.00000 0.24277 0.24277
