# avg	std	min	max
3.83952 0.00000 3.83952 3.83952
2.42139 0.00000 2.42139 2.42139
1.53344 0.00000 1.53344 1.53344
-0.01673 0.00000 -0.01673 -0.01673
1.00068 0.00000 1.00068 1.00068
0.49036 0.00000 0.49036 0.49036
-0.84172 0.00000 -0.84172 -0.84172
0.59308 0.00000 0.59308 0.59308
8.85674 0.00000 8.85674 8.85674
3.02290 0.00000 3.02290 3.02290
2.58363 0.00000 2.58363 2.58363
1.95271 0.00000 1.95271 1.95271
0.03504 0.00000 0.03504 0.03504
2.51872 0.00000 2.51872 2.51872
1.59252 0.00000 1.59252 1.59252
3.38623 0.00000 3.38623 3.38623
1.83978 0.00000 1.83978 1.83978
1.23487 0.00000 1.23487 1.23487
1.59631 0.00000 1.59631 1.59631
2.11351 0.00000 2.11351 2.11351
2.64156 0.00000 2.64156 2.64156
6.08322 0.00000 6.08322 6.08322
4.08412 0.00000 4.08412 4.08412
