# avg	std	min	max
1.35327 0.00000 1.35327 1.35327
0.33345 0.00000 0.33345 0.33345
0.24390 0.00000 0.24390 0.24390
-0.57283 0.00000 -0.57283 -0.57283
-0.51479 0.00000 -0.51479 -0.51479
-0.38771 0.00000 -0.38771 -0.38771
0.09904 0.00000 0.09904 0.09904
0.15759 0.00000 0.15759 0.15759
3.18756 0.00000 3.18756 3.18756
1.11181 0.00000 1.11181 1.11181
0.74173 0.00000 0.74173 0.74173
0.94701 0.00000 0.94701 0.94701
0.15851 0.00000 0.15851 0.15851
1.03143 0.00000 1.03143 1.03143
-0.00537 0.00000 -0.00537 -0.00537
1.01810 0.00000 1.01810 1.01810
0.29489 0.00000 0.29489 0.29489
0.00404 0.00000 0.00404 0.00404
0.37622 0.00000 0.37622 0.37622
1.05028 0.00000 1.05028 1.05028
0.17983 0.00000 0.17983 0.17983
1.38032 0.00000 1.38032 1.38032
0.11126 0.00000 0.11126 0.11126
