# avg	std	min	max
0.93668 0.00000 0.93668 0.93668
0.41707 0.00000 0.41707 0.41707
0.37522 0.00000 0.37522 0.37522
-0.32751 0.00000 -0.32751 -0.32751
-0.10285 0.00000 -0.10285 -0.10285
-0.35412 0.00000 -0.35412 -0.35412
0.08683 0.00000 0.08683 0.08683
0.09550 0.00000 0.09550 0.09550
2.00511 0.00000 2.00511 2.00511
0.46983 0.00000 0.46983 0.46983
0.59236 0.00000 0.59236 0.59236
0.32805 0.00000 0.32805 0.32805
0.18708 0.00000 0.18708 0.18708
0.42027 0.00000 0.42027 0.42027
-0.00783 0.00000 -0.00783 -0.00783
0.72737 0.00000 0.72737 0.72737
0.25128 0.00000 0.25128 0.25128
-0.06255 0.00000 -0.06255 -0.06255
0.20627 0.00000 0.20627 0.20627
0.69501 0.00000 0.69501 0.69501
0.63764 0.00000 0.63764 0.63764
1.10044 0.00000 1.10044 1.10044
0.12327 0.00000 0.12327 0.12327
