# avg	std	min	max
0.26055 0.00000 0.26055 0.26055
0.13718 0.00000 0.13718 0.13718
0.37671 0.00000 0.37671 0.37671
0.19025 0.00000 0.19025 0.19025
0.44509 0.00000 0.44509 0.44509
0.18078 0.00000 0.18078 0.18078
0.11947 0.00000 0.11947 0.11947
0.15375 0.00000 0.15375 0.15375
-0.30752 0.00000 -0.30752 -0.30752
0.29612 0.00000 0.29612 0.29612
0.22955 0.00000 0.22955 0.22955
0.31845 0.00000 0.31845 0.31845
0.27502 0.00000 0.27502 0.27502
0.24188 0.00000 0.24188 0.24188
-0.00648 0.00000 -0.00648 -0.00648
-0.09285 0.00000 -0.09285 -0.09285
-0.20845 0.00000 -0.20845 -0.20845
0.20255 0.00000 0.20255 0.20255
0.36172 0.00000 0.36172 0.36172
0.34617 0.00000 0.34617 0.34617
0.23492 0.00000 0.23492 0.23492
0.24814 0.00000 0.24814 0.24814
-0.06986 0.00000 -0.06986 -0.06986
