# avg	std	min	max
0.86659 0.00000 0.86659 0.86659
0.02525 0.00000 0.02525 0.02525
-0.15396 0.00000 -0.15396 -0.15396
-0.53459 0.00000 -0.53459 -0.53459
-0.67014 0.00000 -0.67014 -0.67014
-0.74705 0.00000 -0.74705 -0.74705
0.11204 0.00000 0.11204 0.11204
0.18737 0.00000 0.18737 0.18737
3.37572 0.00000 3.37572 3.37572
0.10711 0.00000 0.10711 0.10711
-0.21105 0.00000 -0.21105 -0.21105
0.51085 0.00000 0.51085 0.51085
0.19923 0.00000 0.19923 0.19923
0.59236 0.00000 0.59236 0.59236
-0.00000 0.00000 -0.00000 -0.00000
-0.27759 0.00000 -0.27759 -0.27759
-0.32350 0.00000 -0.32350 -0.32350
0.17983 0.00000 0.17983 0.17983
0.80648 0.00000 0.80648 0.80648
0.84276 0.00000 0.84276 0.84276
-0.32990 0.00000 -0.32990 -0.32990
-0.64604 0.00000 -0.64604 -0.64604
-0.99279 0.00000 -0.99279 -0.99279
