# avg	std	min	max
0.03242 0.00000 0.03242 0.03242
-0.04466 0.00000 -0.04466 -0.04466
-0.02056 0.00000 -0.02056 -0.02056
-0.16436 0.00000 -0.16436 -0.16436
0.02128 0.00000 0.02128 0.02128
-0.05278 0.00000 -0.05278 -0.05278
-0.10703 0.00000 -0.10703 -0.10703
-0.21943 0.00000 -0.21943 -0.21943
-0.14403 0.00000 -0.14403 -0.14403
0.02639 0.00000 0.02639 0.02639
-0.13921 0.00000 -0.13921 -0.13921
0.00004 0.00000 0.00004 0.00004
-0.11969 0.00000 -0.11969 -0.11969
-0.07765 0.00000 -0.07765 -0.07765
-0.39200 0.00000 -0.39200 -0.39200
-0.30654 0.00000 -0.30654 -0.30654
-0.76197 0.00000 -0.76197 -0.76197
-0.10992 0.00000 -0.10992 -0.10992
-0.00035 0.00000 -0.00035 -0.00035
-0.04762 0.00000 -0.04762 -0.04762
0.00078 0.00000 0.00078 0.00078
-0.14197 0.00000 -0.14197 -0.14197
-0.25061 0.00000 -0.25061 -0.25061
