# avg	std	min	max
-0.09945 0.00000 -0.09945 -0.09945
0.06847 0.00000 0.06847 0.06847
0.09208 0.00000 0.09208 0.09208
0.04179 0.00000 0.04179 0.04179
0.04788 0.00000 0.04788 0.04788
0.17191 0.00000 0.17191 0.17191
0.16136 0.00000 0.16136 0.16136
-0.10527 0.00000 -0.10527 -0.10527
-0.35447 0.00000 -0.35447 -0.35447
0.08558 0.00000 0.08558 0.08558
-0.04184 0.00000 -0.04184 -0.04184
-0.15428 0.00000 -0.15428 -0.15428
0.19097 0.00000 0.19097 0.19097
-0.15176 0.00000 -0.15176 -0.15176
0.08891 0.00000 0.08891 0.08891
-0.44962 0.00000 -0.44962 -0.44962
-0.21117 0.00000 -0.21117 -0.21117
-0.11368 0.00000 -0.11368 -0.11368
-0.00059 0.00000 -0.00059 -0.00059
0.07791 0.00000 0.07791 0.07791
0.03820 0.00000 0.03820 0.03820
-0.01354 0.00000 -0.01354 -0.01354
-0.27304 0.00000 -0.27304 -0.27304
