# avg	std	min	max
0.18902 0.00000 0.18902 0.18902
-0.28353 0.00000 -0.28353 -0.28353
0.20916 0.00000 0.20916 0.20916
-0.01680 0.00000 -0.01680 -0.01680
0.02997 0.00000 0.02997 0.02997
-0.13754 0.00000 -0.13754 -0.13754
-0.43111 0.00000 -0.43111 -0.43111
0.11197 0.00000 0.11197 0.11197
-0.50731 0.00000 -0.50731 -0.50731
0.12586 0.00000 0.12586 0.12586
-0.19784 0.00000 -0.19784 -0.19784
0.44279 0.00000 0.44279 0.44279
-0.25108 0.00000 -0.25108 -0.25108
0.20622 0.00000 0.20622 0.20622
0.10982 0.00000 0.10982 0.10982
-0.24387 0.00000 -0.24387 -0.24387
-0.17731 0.00000 -0.17731 -0.17731
0.05151 0.00000 0.05151 0.05151
-0.00024 0.00000 -0.00024 -0.00024
0.39183 0.00000 0.39183 0.39183
0.35609 0.00000 0.35609 0.35609
0.24642 0.00000 0.24642 0.24642
0.02050 0.00000 0.02050 0.02050
