# avg	std	min	max
1.48137 0.00000 1.48137 1.48137
0.92141 0.00000 0.92141 0.92141
-0.26713 0.00000 -0.26713 -0.26713
-0.41133 0.00000 -0.41133 -0.41133
-0.21956 0.00000 -0.21956 -0.21956
-1.26603 0.00000 -1.26603 -1.26603
3.96152 0.00000 3.96152 3.96152
1.24634 0.00000 1.24634 1.24634
4.27442 0.00000 4.27442 4.27442
0.98164 0.00000 0.98164 0.98164
0.94440 0.00000 0.94440 0.94440
1.14793 0.00000 1.14793 1.14793
6.62257 0.00000 6.62257 6.62257
1.47279 0.00000 1.47279 1.47279
1.08965 0.00000 1.08965 1.08965
1.18594 0.00000 1.18594 1.18594
1.69931 0.00000 1.69931 1.69931
-0.07395 0.00000 -0.07395 -0.07395
-0.12754 0.00000 -0.12754 -0.12754
2.66184 0.00000 2.66184 2.66184
4.03537 0.00000 4.03537 4.03537
4.41001 0.00000 4.41001 4.41001
10.67684 0.00000 10.67684 10.67684
