# avg	std	min	max
2.18255 0.00000 2.18255 2.18255
0.76385 0.00000 0.76385 0.76385
-0.24362 0.00000 -0.24362 -0.24362
-0.77558 0.00000 -0.77558 -0.77558
-0.26285 0.00000 -0.26285 -0.26285
-0.80134 0.00000 -0.80134 -0.80134
-0.16594 0.00000 -0.16594 -0.16594
2.29565 0.00000 2.29565 2.29565
3.32018 0.00000 3.32018 3.32018
1.43198 0.00000 1.43198 1.43198
0.41802 0.00000 0.41802 0.41802
0.99387 0.00000 0.99387 0.99387
0.13381 0.00000 0.13381 0.13381
0.60028 0.00000 0.60028 0.60028
0.81733 0.00000 0.81733 0.81733
-0.51080 0.00000 -0.51080 -0.51080
0.07328 0.00000 0.07328 0.07328
0.32129 0.00000 0.32129 0.32129
0.00000 0.00000 0.00000 0.00000
1.49106 0.00000 1.49106 1.49106
1.23308 0.00000 1.23308 1.23308
0.25683 0.00000 0.25683 0.25683
0.18753 0.00000 0.18753 0.18753
