# avg	std	min	max
0.74159 0.00000 0.74159 0.74159
0.12923 0.00000 0.12923 0.12923
-0.52864 0.00000 -0.52864 -0.52864
-2.02397 0.00000 -2.02397 -2.02397
-1.50984 0.00000 -1.50984 -1.50984
-2.06896 0.00000 -2.06896 -2.06896
-0.85237 0.00000 -0.85237 -0.85237
-1.00323 0.00000 -1.00323 -1.00323
2.85154 0.00000 2.85154 2.85154
-0.13870 0.00000 -0.13870 -0.13870
0.07460 0.00000 0.07460 0.07460
-0.23875 0.00000 -0.23875 -0.23875
-0.78841 0.00000 -0.78841 -0.78841
-1.47974 0.00000 -1.47974 -1.47974
-0.55524 0.00000 -0.55524 -0.55524
-0.56604 0.00000 -0.56604 -0.56604
-0.40294 0.00000 -0.40294 -0.40294
-0.20801 0.00000 -0.20801 -0.20801
0.00245 0.00000 0.00245 0.00245
0.00118 0.00000 0.00118 0.00118
-0.41201 0.00000 -0.41201 -0.41201
-0.17517 0.00000 -0.17517 -0.17517
-1.95651 0.00000 -1.95651 -1.95651
