# avg	std	min	max
0.30338 0.00000 0.30338 0.30338
-0.22938 0.00000 -0.22938 -0.22938
-0.03896 0.00000 -0.03896 -0.03896
-0.33590 0.00000 -0.33590 -0.33590
-0.44773 0.00000 -0.44773 -0.44773
-0.64484 0.00000 -0.64484 -0.64484
-0.64356 0.00000 -0.64356 -0.64356
-0.45901 0.00000 -0.45901 -0.45901
1.40691 0.00000 1.40691 1.40691
-0.39872 0.00000 -0.39872 -0.39872
-0.15340 0.00000 -0.15340 -0.15340
0.33800 0.00000 0.33800 0.33800
-0.14813 0.00000 -0.14813 -0.14813
-0.27094 0.00000 -0.27094 -0.27094
-0.41525 0.00000 -0.41525 -0.41525
-0.10387 0.00000 -0.10387 -0.10387
-0.42263 0.00000 -0.42263 -0.42263
-0.12693 0.00000 -0.12693 -0.12693
-0.01408 0.00000 -0.01408 -0.01408
-0.06389 0.00000 -0.06389 -0.06389
-0.25151 0.00000 -0.25151 -0.25151
-0.17880 0.00000 -0.17880 -0.17880
-1.51222 0.00000 -1.51222 -1.51222
