# avg	std	min	max
0.81712 0.00000 0.81712 0.81712
0.19316 0.00000 0.19316 0.19316
1.97894 0.00000 1.97894 1.97894
0.47759 0.00000 0.47759 0.47759
1.72102 0.00000 1.72102 1.72102
0.38361 0.00000 0.38361 0.38361
0.31728 0.00000 0.31728 0.31728
0.09469 0.00000 0.09469 0.09469
1.64954 0.00000 1.64954 1.64954
0.08964 0.00000 0.08964 0.08964
0.81837 0.00000 0.81837 0.81837
1.00286 0.00000 1.00286 1.00286
0.38698 0.00000 0.38698 0.38698
0.32328 0.00000 0.32328 0.32328
0.65205 0.00000 0.65205 0.65205
0.74235 0.00000 0.74235 0.74235
0.42351 0.00000 0.42351 0.42351
0.39911 0.00000 0.39911 0.39911
-0.03041 0.00000 -0.03041 -0.03041
0.61518 0.00000 0.61518 0.61518
0.53541 0.00000 0.53541 0.53541
1.74548 0.00000 1.74548 1.74548
0.25389 0.00000 0.25389 0.25389
