# avg	std	min	max
0.15622 0.00000 0.15622 0.15622
0.23391 0.00000 0.23391 0.23391
0.13989 0.00000 0.13989 0.13989
-0.06292 0.00000 -0.06292 -0.06292
-0.02721 0.00000 -0.02721 -0.02721
-0.02746 0.00000 -0.02746 -0.02746
-0.17314 0.00000 -0.17314 -0.17314
-0.16178 0.00000 -0.16178 -0.16178
-0.06480 0.00000 -0.06480 -0.06480
0.19487 0.00000 0.19487 0.19487
0.00022 0.00000 0.00022 0.00022
0.23914 0.00000 0.23914 0.23914
-0.14598 0.00000 -0.14598 -0.14598
0.17887 0.00000 0.17887 0.17887
0.05279 0.00000 0.05279 0.05279
0.10588 0.00000 0.10588 0.10588
-0.06426 0.00000 -0.06426 -0.06426
0.10721 0.00000 0.10721 0.10721
0.29442 0.00000 0.29442 0.29442
0.36829 0.00000 0.36829 0.36829
0.02020 0.00000 0.02020 0.02020
-0.09523 0.00000 -0.09523 -0.09523
-0.64804 0.00000 -0.64804 -0.64804
