# avg	std	min	max
1.78576 0.00000 1.78576 1.78576
1.25465 0.00000 1.25465 1.25465
0.90913 0.00000 0.90913 0.90913
0.77174 0.00000 0.77174 0.77174
0.51712 0.00000 0.51712 0.51712
-0.24160 0.00000 -0.24160 -0.24160
1.20584 0.00000 1.20584 1.20584
1.56214 0.00000 1.56214 1.56214
3.55598 0.00000 3.55598 3.55598
0.83442 0.00000 0.83442 0.83442
0.00008 0.00000 0.00008 0.00008
0.82064 0.00000 0.82064 0.82064
1.33509 0.00000 1.33509 1.33509
1.16535 0.00000 1.16535 1.16535
0.86668 0.00000 0.86668 0.86668
1.15858 0.00000 1.15858 1.15858
1.70552 0.00000 1.70552 1.70552
0.62677 0.00000 0.62677 0.62677
0.52314 0.00000 0.52314 0.52314
1.06557 0.00000 1.06557 1.06557
2.16891 0.00000 2.16891 2.16891
1.56415 0.00000 1.56415 1.56415
1.13443 0.00000 1.13443 1.13443
