# avg	std	min	max
-0.02254 0.00000 -0.02254 -0.02254
0.53872 0.00000 0.53872 0.53872
-0.00111 0.00000 -0.00111 -0.00111
0.01400 0.00000 0.01400 0.01400
-0.20923 0.00000 -0.20923 -0.20923
0.16665 0.00000 0.16665 0.16665
-0.04642 0.00000 -0.04642 -0.04642
0.61368 0.00000 0.61368 0.61368
-0.26547 0.00000 -0.26547 -0.26547
0.53510 0.00000 0.53510 0.53510
0.38736 0.00000 0.38736 0.38736
0.86547 0.00000 0.86547 0.86547
-0.40126 0.00000 -0.40126 -0.40126
0.25612 0.00000 0.25612 0.25612
-0.13141 0.00000 -0.13141 -0.13141
-0.43358 0.00000 -0.43358 -0.43358
-0.49452 0.00000 -0.49452 -0.49452
-0.32239 0.00000 -0.32239 -0.32239
0.06133 0.00000 0.06133 0.06133
0.74801 0.00000 0.74801 0.74801
-0.22270 0.00000 -0.22270 -0.22270
-0.47874 0.00000 -0.47874 -0.47874
-0.03390 0.00000 -0.03390 -0.03390
