# avg	std	min	max
4.34916 0.00000 4.34916 4.34916
2.65307 0.00000 2.65307 2.65307
-0.00309 0.00000 -0.00309 -0.00309
0.90347 0.00000 0.90347 0.90347
0.55693 0.00000 0.55693 0.55693
2.23299 0.00000 2.23299 2.23299
10.47831 0.00000 10.47831 10.47831
19.27848 0.00000 19.27848 19.27848
2.51643 0.00000 2.51643 2.51643
3.62201 0.00000 3.62201 3.62201
2.14393 0.00000 2.14393 2.14393
2.74999 0.00000 2.74999 2.74999
12.36822 0.00000 12.36822 12.36822
4.13560 0.00000 4.13560 4.13560
3.88594 0.00000 3.88594 3.88594
4.64528 0.00000 4.64528 4.64528
4.39131 0.00000 4.39131 4.39131
7.29841 0.00000 7.29841 7.29841
13.23576 0.00000 13.23576 13.23576
8.80646 0.00000 8.80646 8.80646
12.63976 0.00000 12.63976 12.63976
13.67956 0.00000 13.67956 13.67956
27.58720 0.00000 27.58720 27.58720
