# avg	std	min	max
0.60624 0.00000 0.60624 0.60624
-0.19286 0.00000 -0.19286 -0.19286
-0.00594 0.00000 -0.00594 -0.00594
-0.66500 0.00000 -0.66500 -0.66500
-0.45323 0.00000 -0.45323 -0.45323
-0.83178 0.00000 -0.83178 -0.83178
-0.87165 0.00000 -0.87165 -0.87165
0.09850 0.00000 0.09850 0.09850
2.49443 0.00000 2.49443 2.49443
-0.16032 0.00000 -0.16032 -0.16032
0.44743 0.00000 0.44743 0.44743
0.52555 0.00000 0.52555 0.52555
-0.64596 0.00000 -0.64596 -0.64596
-0.65563 0.00000 -0.65563 -0.65563
-0.13042 0.00000 -0.13042 -0.13042
-0.16068 0.00000 -0.16068 -0.16068
-1.03469 0.00000 -1.03469 -1.03469
0.28635 0.00000 0.28635 0.28635
0.57902 0.00000 0.57902 0.57902
-0.05953 0.00000 -0.05953 -0.05953
-1.59713 0.00000 -1.59713 -1.59713
-0.42945 0.00000 -0.42945 -0.42945
-1.30850 0.00000 -1.30850 -1.30850
