# avg	std	min	max
0.55097 0.00000 0.55097 0.55097
-0.04984 0.00000 -0.04984 -0.04984
0.42631 0.00000 0.42631 0.42631
0.03390 0.00000 0.03390 0.03390
0.00748 0.00000 0.00748 0.00748
-0.24103 0.00000 -0.24103 -0.24103
-0.05709 0.00000 -0.05709 -0.05709
0.26663 0.00000 0.26663 0.26663
-0.31882 0.00000 -0.31882 -0.31882
0.46985 0.00000 0.46985 0.46985
0.54280 0.00000 0.54280 0.54280
0.62330 0.00000 0.62330 0.62330
0.00469 0.00000 0.00469 0.00469
0.52357 0.00000 0.52357 0.52357
0.17666 0.00000 0.17666 0.17666
0.99554 0.00000 0.99554 0.99554
0.55568 0.00000 0.55568 0.55568
-0.12685 0.00000 -0.12685 -0.12685
-0.16349 0.00000 -0.16349 -0.16349
0.46903 0.00000 0.46903 0.46903
1.03121 0.00000 1.03121 1.03121
1.31940 0.00000 1.31940 1.31940
0.03436 0.00000 0.03436 0.03436
