# avg	std	min	max
0.83681 0.00000 0.83681 0.83681
-0.00000 0.00000 -0.00000 -0.00000
0.72569 0.00000 0.72569 0.72569
-0.10446 0.00000 -0.10446 -0.10446
0.29691 0.00000 0.29691 0.29691
-0.21703 0.00000 -0.21703 -0.21703
-0.06379 0.00000 -0.06379 -0.06379
-0.24955 0.00000 -0.24955 -0.24955
2.62090 0.00000 2.62090 2.62090
0.20585 0.00000 0.20585 0.20585
0.95240 0.00000 0.95240 0.95240
0.82357 0.00000 0.82357 0.82357
-0.15628 0.00000 -0.15628 -0.15628
0.16379 0.00000 0.16379 0.16379
-0.13696 0.00000 -0.13696 -0.13696
0.75948 0.00000 0.75948 0.75948
0.40811 0.00000 0.40811 0.40811
0.14376 0.00000 0.14376 0.14376
0.17448 0.00000 0.17448 0.17448
0.29421 0.00000 0.29421 0.29421
1.02518 0.00000 1.02518 1.02518
1.37443 0.00000 1.37443 1.37443
0.30693 0.00000 0.30693 0.30693
