# avg	std	min	max
0.71371 0.00000 0.71371 0.71371
-0.00000 0.00000 -0.00000 -0.00000
0.40537 0.00000 0.40537 0.40537
-0.08382 0.00000 -0.08382 -0.08382
0.06461 0.00000 0.06461 0.06461
-0.07754 0.00000 -0.07754 -0.07754
-0.00791 0.00000 -0.00791 -0.00791
0.26248 0.00000 0.26248 0.26248
3.26329 0.00000 3.26329 3.26329
-0.14935 0.00000 -0.14935 -0.14935
0.54429 0.00000 0.54429 0.54429
0.60840 0.00000 0.60840 0.60840
0.38226 0.00000 0.38226 0.38226
0.30666 0.00000 0.30666 0.30666
-0.21159 0.00000 -0.21159 -0.21159
0.79596 0.00000 0.79596 0.79596
0.33386 0.00000 0.33386 0.33386
-0.03944 0.00000 -0.03944 -0.03944
-0.14520 0.00000 -0.14520 -0.14520
0.49737 0.00000 0.49737 0.49737
0.89434 0.00000 0.89434 0.89434
0.93420 0.00000 0.93420 0.93420
0.44389 0.00000 0.44389 0.44389
