# avg	std	min	max
3.70419 0.00000 3.70419 3.70419
2.12236 0.00000 2.12236 2.12236
2.29797 0.00000 2.29797 2.29797
0.79101 0.00000 0.79101 0.79101
2.12406 0.00000 2.12406 2.12406
0.12739 0.00000 0.12739 0.12739
-0.00460 0.00000 -0.00460 -0.00460
1.87083 0.00000 1.87083 1.87083
8.46464 0.00000 8.46464 8.46464
2.74004 0.00000 2.74004 2.74004
3.25028 0.00000 3.25028 3.25028
2.67681 0.00000 2.67681 2.67681
0.40390 0.00000 0.40390 0.40390
3.26958 0.00000 3.26958 3.26958
2.87681 0.00000 2.87681 2.87681
2.98249 0.00000 2.98249 2.98249
2.82539 0.00000 2.82539 2.82539
2.76001 0.00000 2.76001 2.76001
2.90177 0.00000 2.90177 2.90177
2.90369 0.00000 2.90369 2.90369
4.24460 0.00000 4.24460 4.24460
7.78401 0.00000 7.78401 7.78401
1.06353 0.00000 1.06353 1.06353
