# avg	std	min	max
4.16643 0.00000 4.16643 4.16643
3.53666 0.00000 3.53666 3.53666
1.22357 0.00000 1.22357 1.22357
1.60798 0.00000 1.60798 1.60798
-0.00584 0.00000 -0.00584 -0.00584
1.36800 0.00000 1.36800 1.36800
11.54296 0.00000 11.54296 11.54296
16.81578 0.00000 16.81578 16.81578
6.12794 0.00000 6.12794 6.12794
4.14013 0.00000 4.14013 4.14013
3.36097 0.00000 3.36097 3.36097
3.03743 0.00000 3.03743 3.03743
16.16576 0.00000 16.16576 16.16576
4.19956 0.00000 4.19956 4.19956
3.59382 0.00000 3.59382 3.59382
5.72974 0.00000 5.72974 5.72974
4.80997 0.00000 4.80997 4.80997
4.30862 0.00000 4.30862 4.30862
4.27045 0.00000 4.27045 4.27045
10.23478 0.00000 10.23478 10.23478
8.79659 0.00000 8.79659 8.79659
8.22541 0.00000 8.22541 8.22541
21.55420 0.00000 21.55420 21.55420
