# avg	std	min	max
4.37639 0.00000 4.37639 4.37639
3.01254 0.00000 3.01254 3.01254
1.62735 0.00000 1.62735 1.62735
-0.01224 0.00000 -0.01224 -0.01224
1.24644 0.00000 1.24644 1.24644
0.63225 0.00000 0.63225 0.63225
1.27213 0.00000 1.27213 1.27213
1.65791 0.00000 1.65791 1.65791
5.76803 0.00000 5.76803 5.76803
3.87244 0.00000 3.87244 3.87244
2.69852 0.00000 2.69852 2.69852
2.98904 0.00000 2.98904 2.98904
2.15825 0.00000 2.15825 2.15825
2.60153 0.00000 2.60153 2.60153
2.04319 0.00000 2.04319 2.04319
3.95362 0.00000 3.95362 3.95362
3.25142 0.00000 3.25142 3.25142
2.01825 0.00000 2.01825 2.01825
2.80053 0.00000 2.80053 2.80053
2.62137 0.00000 2.62137 2.62137
5.02367 0.00000 5.02367 5.02367
4.17561 0.00000 4.17561 4.17561
1.74934 0.00000 1.74934 1.74934
