# avg	std	min	max
0.88890 0.00000 0.88890 0.88890
0.18755 0.00000 0.18755 0.18755
0.43118 0.00000 0.43118 0.43118
-0.00425 0.00000 -0.00425 -0.00425
-0.03259 0.00000 -0.03259 -0.03259
0.04152 0.00000 0.04152 0.04152
0.17753 0.00000 0.17753 0.17753
0.00830 0.00000 0.00830 0.00830
4.42613 0.00000 4.42613 4.42613
0.34391 0.00000 0.34391 0.34391
0.32205 0.00000 0.32205 0.32205
0.87454 0.00000 0.87454 0.87454
0.24417 0.00000 0.24417 0.24417
0.30232 0.00000 0.30232 0.30232
0.27151 0.00000 0.27151 0.27151
1.06964 0.00000 1.06964 1.06964
0.61381 0.00000 0.61381 0.61381
0.03114 0.00000 0.03114 0.03114
0.04609 0.00000 0.04609 0.04609
-0.00590 0.00000 -0.00590 -0.00590
1.30868 0.00000 1.30868 1.30868
1.28377 0.00000 1.28377 1.28377
0.32997 0.00000 0.32997 0.32997
