# avg	std	min	max
1.36352 0.00000 1.36352 1.36352
0.51458 0.00000 0.51458 0.51458
0.81002 0.00000 0.81002 0.81002
-0.13847 0.00000 -0.13847 -0.13847
0.13842 0.00000 0.13842 0.13842
-0.20310 0.00000 -0.20310 -0.20310
-0.08869 0.00000 -0.08869 -0.08869
0.19421 0.00000 0.19421 0.19421
3.93588 0.00000 3.93588 3.93588
0.64797 0.00000 0.64797 0.64797
1.04583 0.00000 1.04583 1.04583
0.99137 0.00000 0.99137 0.99137
0.12270 0.00000 0.12270 0.12270
-0.02368 0.00000 -0.02368 -0.02368
0.32267 0.00000 0.32267 0.32267
0.46338 0.00000 0.46338 0.46338
0.16070 0.00000 0.16070 0.16070
0.57441 0.00000 0.57441 0.57441
0.99543 0.00000 0.99543 0.99543
0.55730 0.00000 0.55730 0.55730
0.16575 0.00000 0.16575 0.16575
0.36227 0.00000 0.36227 0.36227
-0.68301 0.00000 -0.68301 -0.68301
