# avg	std	min	max
4.70693 0.00000 4.70693 4.70693
2.75027 0.00000 2.75027 2.75027
2.74551 0.00000 2.74551 2.74551
2.71903 0.00000 2.71903 2.71903
4.43007 0.00000 4.43007 4.43007
4.04039 0.00000 4.04039 4.04039
17.87062 0.00000 17.87062 17.87062
19.27228 0.00000 19.27228 19.27228
-0.00241 0.00000 -0.00241 -0.00241
4.17133 0.00000 4.17133 4.17133
4.39370 0.00000 4.39370 4.39370
3.04775 0.00000 3.04775 3.04775
10.76970 0.00000 10.76970 10.76970
6.24289 0.00000 6.24289 6.24289
5.89833 0.00000 5.89833 5.89833
5.06479 0.00000 5.06479 5.06479
8.41718 0.00000 8.41718 8.41718
8.72752 0.00000 8.72752 8.72752
8.09972 0.00000 8.09972 8.09972
12.53889 0.00000 12.53889 12.53889
11.87970 0.00000 11.87970 11.87970
14.02636 0.00000 14.02636 14.02636
16.98921 0.00000 16.98921 16.98921
