# avg	std	min	max
2.29663 0.00000 2.29663 2.29663
1.43225 0.00000 1.43225 1.43225
1.75819 0.00000 1.75819 1.75819
1.18466 0.00000 1.18466 1.18466
1.71140 0.00000 1.71140 1.71140
1.04549 0.00000 1.04549 1.04549
1.64662 0.00000 1.64662 1.64662
1.26741 0.00000 1.26741 1.26741
-0.00646 0.00000 -0.00646 -0.00646
1.85420 0.00000 1.85420 1.85420
1.85533 0.00000 1.85533 1.85533
1.67191 0.00000 1.67191 1.67191
1.66359 0.00000 1.66359 1.66359
1.76625 0.00000 1.76625 1.76625
1.60816 0.00000 1.60816 1.60816
1.15565 0.00000 1.15565 1.15565
0.83844 0.00000 0.83844 0.83844
1.49374 0.00000 1.49374 1.49374
1.84547 0.00000 1.84547 1.84547
1.89343 0.00000 1.89343 1.89343
1.61242 0.00000 1.61242 1.61242
1.57733 0.00000 1.57733 1.57733
1.25794 0.00000 1.25794 1.25794
