# avg	std	min	max
0.23588 0.00000 0.23588 0.23588
-0.02110 0.00000 -0.02110 -0.02110
0.37442 0.00000 0.37442 0.37442
-0.40509 0.00000 -0.40509 -0.40509
-0.18219 0.00000 -0.18219 -0.18219
-0.45936 0.00000 -0.45936 -0.45936
-0.07155 0.00000 -0.07155 -0.07155
-0.12060 0.00000 -0.12060 -0.12060
2.15669 0.00000 2.15669 2.15669
0.77437 0.00000 0.77437 0.77437
0.71875 0.00000 0.71875 0.71875
0.69490 0.00000 0.69490 0.69490
0.00713 0.00000 0.00713 0.00713
0.82125 0.00000 0.82125 0.82125
0.00000 0.00000 0.00000 0.00000
1.09687 0.00000 1.09687 1.09687
0.34088 0.00000 0.34088 0.34088
-0.12597 0.00000 -0.12597 -0.12597
0.23989 0.00000 0.23989 0.23989
0.74889 0.00000 0.74889 0.74889
1.02074 0.00000 1.02074 1.02074
1.49732 0.00000 1.49732 1.49732
0.00175 0.00000 0.00175 0.00175
