# avg	std	min	max
1.05778 0.00000 1.05778 1.05778
0.35876 0.00000 0.35876 0.35876
0.71366 0.00000 0.71366 0.71366
-0.13531 0.00000 -0.13531 -0.13531
-0.04797 0.00000 -0.04797 -0.04797
-0.28351 0.00000 -0.28351 -0.28351
-0.16075 0.00000 -0.16075 -0.16075
-0.17664 0.00000 -0.17664 -0.17664
3.08385 0.00000 3.08385 3.08385
0.88572 0.00000 0.88572 0.88572
0.94246 0.00000 0.94246 0.94246
1.04765 0.00000 1.04765 1.04765
-0.09260 0.00000 -0.09260 -0.09260
0.36601 0.00000 0.36601 0.36601
-0.00284 0.00000 -0.00284 -0.00284
0.49909 0.00000 0.49909 0.49909
0.24857 0.00000 0.24857 0.24857
0.32790 0.00000 0.32790 0.32790
0.54107 0.00000 0.54107 0.54107
0.56145 0.00000 0.56145 0.56145
0.58207 0.00000 0.58207 0.58207
0.53534 0.00000 0.53534 0.53534
-0.72165 0.00000 -0.72165 -0.72165
