# avg	std	min	max
0.00056 0.00000 0.00056 0.00056
-0.31824 0.00000 -0.31824 -0.31824
0.14813 0.00000 0.14813 0.14813
-0.19043 0.00000 -0.19043 -0.19043
0.00939 0.00000 0.00939 0.00939
-0.06836 0.00000 -0.06836 -0.06836
-0.05353 0.00000 -0.05353 -0.05353
-0.02350 0.00000 -0.02350 -0.02350
-1.39493 0.00000 -1.39493 -1.39493
-0.08197 0.00000 -0.08197 -0.08197
0.00050 0.00000 0.00050 0.00050
0.04061 0.00000 0.04061 0.04061
0.00530 0.00000 0.00530 0.00530
-0.62800 0.00000 -0.62800 -0.62800
-0.55123 0.00000 -0.55123 -0.55123
-0.38641 0.00000 -0.38641 -0.38641
-0.71835 0.00000 -0.71835 -0.71835
-0.16696 0.00000 -0.16696 -0.16696
-0.00634 0.00000 -0.00634 -0.00634
0.06155 0.00000 0.06155 0.06155
-0.80693 0.00000 -0.80693 -0.80693
-0.26202 0.00000 -0.26202 -0.26202
-0.64119 0.00000 -0.64119 -0.64119
