# avg	std	min	max
-0.16187 0.00000 -0.16187 -0.16187
-0.06346 0.00000 -0.06346 -0.06346
0.76846 0.00000 0.76846 0.76846
0.28806 0.00000 0.28806 0.28806
0.43970 0.00000 0.43970 0.43970
0.15245 0.00000 0.15245 0.15245
-0.06567 0.00000 -0.06567 -0.06567
-0.39454 0.00000 -0.39454 -0.39454
-1.05433 0.00000 -1.05433 -1.05433
-0.00018 0.00000 -0.00018 -0.00018
0.00140 0.00000 0.00140 0.00140
0.99407 0.00000 0.99407 0.99407
0.16400 0.00000 0.16400 0.16400
0.28112 0.00000 0.28112 0.28112
0.25227 0.00000 0.25227 0.25227
-0.34539 0.00000 -0.34539 -0.34539
-0.78567 0.00000 -0.78567 -0.78567
0.23163 0.00000 0.23163 0.23163
0.30500 0.00000 0.30500 0.30500
0.99137 0.00000 0.99137 0.99137
-0.61514 0.00000 -0.61514 -0.61514
-0.00670 0.00000 -0.00670 -0.00670
-0.07850 0.00000 -0.07850 -0.07850
