# avg	std	min	max
-0.44835 0.00000 -0.44835 -0.44835
-0.40549 0.00000 -0.40549 -0.40549
0.68142 0.00000 0.68142 0.68142
-0.20805 0.00000 -0.20805 -0.20805
0.40507 0.00000 0.40507 0.40507
-0.45423 0.00000 -0.45423 -0.45423
-0.14552 0.00000 -0.14552 -0.14552
0.20131 0.00000 0.20131 0.20131
0.58844 0.00000 0.58844 0.58844
-0.91782 0.00000 -0.91782 -0.91782
-0.00067 0.00000 -0.00067 -0.00067
-0.55164 0.00000 -0.55164 -0.55164
-0.11911 0.00000 -0.11911 -0.11911
-0.54930 0.00000 -0.54930 -0.54930
-0.35303 0.00000 -0.35303 -0.35303
-1.22032 0.00000 -1.22032 -1.22032
-0.36159 0.00000 -0.36159 -0.36159
-0.39508 0.00000 -0.39508 -0.39508
-0.35769 0.00000 -0.35769 -0.35769
-0.27727 0.00000 -0.27727 -0.27727
-1.13885 0.00000 -1.13885 -1.13885
-0.67373 0.00000 -0.67373 -0.67373
-0.41978 0.00000 -0.41978 -0.41978
