TA12A	-0.314	0.000	-0.314	-0.314	2
TA12C	-0.075	0.000	-0.075	-0.075	4
TA12D	-0.031	0.000	-0.031	-0.031	6
TA12E	-0.044	0.000	-0.044	-0.044	5
TA12F	0.431	0.000	0.431	0.431	23
TA12G	-0.403	0.000	-0.403	-0.403	1
TA12H	0.108	0.000	0.108	0.108	16
TA12I	0.398	0.000	0.398	0.398	22
TA12K	0.032	0.000	0.032	0.032	10
TA12L	0.123	0.000	0.123	0.123	17
TA12M	0.036	0.000	0.036	0.036	11
TA12N	0.016	0.000	0.016	0.016	9
TA12P	0.190	0.000	0.190	0.190	19
TA12Q	0.049	0.000	0.049	0.049	12
TA12R	0.081	0.000	0.081	0.081	14
TA12S	-0.098	0.000	-0.098	-0.098	3
TA12V	0.241	0.000	0.241	0.241	20
TA12W	-0.028	0.000	-0.028	-0.028	7
TA12Y	0.181	0.000	0.181	0.181	18
SA27A	0.144	0.000	0.144	0.144	11
SA27C	0.623	0.000	0.623	0.623	18
SA27D	0.710	0.000	0.710	0.710	20
SA27E	0.154	0.000	0.154	0.154	12
SA27F	-0.331	0.000	-0.331	-0.331	5
SA27G	1.082	0.000	1.082	1.082	22
SA27H	0.646	0.000	0.646	0.646	19
SA27I	0.071	0.000	0.071	0.071	9
SA27K	-0.478	0.000	-0.478	-0.478	2
SA27L	0.004	0.000	0.004	0.004	7
SA27M	-0.389	0.000	-0.389	-0.389	3
SA27N	0.341	0.000	0.341	0.341	16
SA27P	0.343	0.000	0.343	0.343	17
SA27Q	0.047	0.000	0.047	0.047	8
SA27R	-0.533	0.000	-0.533	-0.533	1
SA27T	-0.374	0.000	-0.374	-0.374	4
SA27V	0.329	0.000	0.329	0.329	15
SA27W	0.102	0.000	0.102	0.102	10
SA27Y	0.155	0.000	0.155	0.155	13
TA37A	-0.361	0.000	-0.361	-0.361	12
TA37C	-0.327	0.000	-0.327	-0.327	14
TA37D	0.289	0.000	0.289	0.289	19
TA37E	-1.060	0.000	-1.060	-1.060	4
TA37F	-0.534	0.000	-0.534	-0.534	9
TA37G	0.813	0.000	0.813	0.813	22
TA37H	0.356	0.000	0.356	0.356	20
TA37I	-1.153	0.000	-1.153	-1.153	3
TA37K	-0.359	0.000	-0.359	-0.359	13
TA37L	-1.450	0.000	-1.450	-1.450	2
TA37M	-1.628	0.000	-1.628	-1.628	1
TA37N	0.452	0.000	0.452	0.452	21
TA37P	3.685	0.000	3.685	3.685	23
TA37Q	-0.731	0.000	-0.731	-0.731	7
TA37R	0.056	0.000	0.056	0.056	17
TA37S	0.254	0.000	0.254	0.254	18
TA37V	-0.606	0.000	-0.606	-0.606	8
TA37W	-0.211	0.000	-0.211	-0.211	15
TA37Y	-0.420	0.000	-0.420	-0.420	10
SA53A	-0.265	0.000	-0.265	-0.265	3
SA53C	0.387	0.000	0.387	0.387	14
SA53D	0.240	0.000	0.240	0.240	10
SA53E	0.216	0.000	0.216	0.216	9
SA53F	0.212	0.000	0.212	0.212	8
SA53G	0.489	0.000	0.489	0.489	17
SA53H	0.724	0.000	0.724	0.724	21
SA53I	0.305	0.000	0.305	0.305	13
SA53K	0.183	0.000	0.183	0.183	7
SA53L	-0.305	0.000	-0.305	-0.305	2
SA53M	0.101	0.000	0.101	0.101	6
SA53N	0.512	0.000	0.512	0.512	18
SA53P	-0.406	0.000	-0.406	-0.406	1
SA53Q	0.397	0.000	0.397	0.397	15
SA53R	0.248	0.000	0.248	0.248	11
SA53T	0.732	0.000	0.732	0.732	22
SA53V	0.486	0.000	0.486	0.486	16
SA53W	0.591	0.000	0.591	0.591	19
SA53Y	0.282	0.000	0.282	0.282	12
TA82A	0.379	0.000	0.379	0.379	12
TA82C	-0.137	0.000	-0.137	-0.137	8
TA82D	1.595	0.000	1.595	1.595	22
TA82E	0.359	0.000	0.359	0.359	11
TA82F	0.624	0.000	0.624	0.624	14
TA82G	1.001	0.000	1.001	1.001	17
TA82H	1.039	0.000	1.039	1.039	18
TA82I	-0.708	0.000	-0.708	-0.708	4
TA82K	-0.924	0.000	-0.924	-0.924	3
TA82L	-1.170	0.000	-1.170	-1.170	2
TA82M	-1.537	0.000	-1.537	-1.537	1
TA82N	0.074	0.000	0.074	0.074	10
TA82P	1.678	0.000	1.678	1.678	23
TA82Q	-0.581	0.000	-0.581	-0.581	6
TA82R	-0.647	0.000	-0.647	-0.647	5
TA82S	0.757	0.000	0.757	0.757	15
TA82V	-0.504	0.000	-0.504	-0.504	7
TA82W	1.046	0.000	1.046	1.046	19
TA82Y	0.811	0.000	0.811	0.811	16
TA12p	0.071	0.000	0.071	0.071	13
SA27s	0.888	0.000	0.888	0.888	21
TA37p	-0.925	0.000	-0.925	-0.925	6
SA53s	0.643	0.000	0.643	0.643	20
TA82p	1.075	0.000	1.075	1.075	20
