# avg	std	min	max
0.22317 0.00000 0.22317 0.22317
-0.00000 0.00000 -0.00000 -0.00000
0.08935 0.00000 0.08935 0.08935
0.02956 0.00000 0.02956 0.02956
0.10548 0.00000 0.10548 0.10548
0.10996 0.00000 0.10996 0.10996
-0.03748 0.00000 -0.03748 -0.03748
0.12619 0.00000 0.12619 0.12619
-0.23426 0.00000 -0.23426 -0.23426
-0.28307 0.00000 -0.28307 -0.28307
-0.14460 0.00000 -0.14460 -0.14460
-0.05854 0.00000 -0.05854 -0.05854
0.02935 0.00000 0.02935 0.02935
-0.07054 0.00000 -0.07054 -0.07054
-0.27508 0.00000 -0.27508 -0.27508
0.01286 0.00000 0.01286 0.01286
-0.59614 0.00000 -0.59614 -0.59614
-0.05029 0.00000 -0.05029 -0.05029
-0.30600 0.00000 -0.30600 -0.30600
-0.40119 0.00000 -0.40119 -0.40119
-0.13662 0.00000 -0.13662 -0.13662
0.06122 0.00000 0.06122 0.06122
-0.07416 0.00000 -0.07416 -0.07416
