# avg	std	min	max
0.27447 0.00000 0.27447 0.27447
0.00000 0.00000 0.00000 0.00000
0.23403 0.00000 0.23403 0.23403
-0.36589 0.00000 -0.36589 -0.36589
0.01195 0.00000 0.01195 0.01195
-0.16550 0.00000 -0.16550 -0.16550
-0.30444 0.00000 -0.30444 -0.30444
-0.34437 0.00000 -0.34437 -0.34437
-0.81790 0.00000 -0.81790 -0.81790
-0.11132 0.00000 -0.11132 -0.11132
-0.07570 0.00000 -0.07570 -0.07570
0.18386 0.00000 0.18386 0.18386
-0.29364 0.00000 -0.29364 -0.29364
-0.07382 0.00000 -0.07382 -0.07382
-0.28175 0.00000 -0.28175 -0.28175
-0.26766 0.00000 -0.26766 -0.26766
-0.50173 0.00000 -0.50173 -0.50173
-0.17329 0.00000 -0.17329 -0.17329
-0.26211 0.00000 -0.26211 -0.26211
-0.25311 0.00000 -0.25311 -0.25311
0.13995 0.00000 0.13995 0.13995
0.22869 0.00000 0.22869 0.22869
-0.56618 0.00000 -0.56618 -0.56618
