# avg	std	min	max
0.27265 0.00000 0.27265 0.27265
0.00000 0.00000 0.00000 0.00000
0.32722 0.00000 0.32722 0.32722
0.15736 0.00000 0.15736 0.15736
0.46518 0.00000 0.46518 0.46518
-0.03847 0.00000 -0.03847 -0.03847
0.04021 0.00000 0.04021 0.04021
-0.22648 0.00000 -0.22648 -0.22648
-0.61821 0.00000 -0.61821 -0.61821
0.05441 0.00000 0.05441 0.05441
0.04249 0.00000 0.04249 0.04249
0.25897 0.00000 0.25897 0.25897
0.03193 0.00000 0.03193 0.03193
0.25786 0.00000 0.25786 0.25786
-0.14192 0.00000 -0.14192 -0.14192
0.27927 0.00000 0.27927 0.27927
-0.34704 0.00000 -0.34704 -0.34704
0.12447 0.00000 0.12447 0.12447
0.06179 0.00000 0.06179 0.06179
0.13099 0.00000 0.13099 0.13099
0.30366 0.00000 0.30366 0.30366
0.62501 0.00000 0.62501 0.62501
-0.34153 0.00000 -0.34153 -0.34153
