# avg	std	min	max
0.06058 0.00000 0.06058 0.06058
0.07658 0.00000 0.07658 0.07658
0.11143 0.00000 0.11143 0.11143
0.00364 0.00000 0.00364 0.00364
0.13900 0.00000 0.13900 0.13900
-0.00258 0.00000 -0.00258 -0.00258
0.11375 0.00000 0.11375 0.11375
-0.11234 0.00000 -0.11234 -0.11234
0.06416 0.00000 0.06416 0.06416
0.07873 0.00000 0.07873 0.07873
0.11461 0.00000 0.11461 0.11461
0.06929 0.00000 0.06929 0.06929
0.16577 0.00000 0.16577 0.16577
0.08014 0.00000 0.08014 0.08014
-0.44106 0.00000 -0.44106 -0.44106
0.07323 0.00000 0.07323 0.07323
0.07337 0.00000 0.07337 0.07337
-0.25918 0.00000 -0.25918 -0.25918
-0.41926 0.00000 -0.41926 -0.41926
-0.04834 0.00000 -0.04834 -0.04834
0.08014 0.00000 0.08014 0.08014
0.18548 0.00000 0.18548 0.18548
-0.23782 0.00000 -0.23782 -0.23782
