# avg	std	min	max
-0.14956 0.00000 -0.14956 -0.14956
-0.07312 0.00000 -0.07312 -0.07312
0.07703 0.00000 0.07703 0.07703
0.03906 0.00000 0.03906 0.03906
0.09377 0.00000 0.09377 0.09377
-0.08937 0.00000 -0.08937 -0.08937
-0.06337 0.00000 -0.06337 -0.06337
-0.18432 0.00000 -0.18432 -0.18432
-0.13447 0.00000 -0.13447 -0.13447
-0.00000 0.00000 -0.00000 -0.00000
-0.01852 0.00000 -0.01852 -0.01852
-0.08005 0.00000 -0.08005 -0.08005
-0.07047 0.00000 -0.07047 -0.07047
-0.04415 0.00000 -0.04415 -0.04415
-0.10400 0.00000 -0.10400 -0.10400
-0.06345 0.00000 -0.06345 -0.06345
-0.09009 0.00000 -0.09009 -0.09009
-0.08751 0.00000 -0.08751 -0.08751
-0.29218 0.00000 -0.29218 -0.29218
-0.01175 0.00000 -0.01175 -0.01175
0.11380 0.00000 0.11380 0.11380
0.10702 0.00000 0.10702 0.10702
-0.27181 0.00000 -0.27181 -0.27181
