YA63A	0.075	0.000	0.075	0.075	17
YA63C	-0.085	0.000	-0.085	-0.085	8
YA63D	-0.353	0.000	-0.353	-0.353	3
YA63E	-0.033	0.000	-0.033	-0.033	11
YA63F	-0.166	0.000	-0.166	-0.166	5
YA63G	0.941	0.000	0.941	0.941	22
YA63H	-0.104	0.000	-0.104	-0.104	6
YA63I	0.496	0.000	0.496	0.496	19
YA63K	0.090	0.000	0.090	0.090	18
YA63L	-0.055	0.000	-0.055	-0.055	10
YA63M	-0.237	0.000	-0.237	-0.237	4
YA63N	-0.024	0.000	-0.024	-0.024	12
YA63P	3.267	0.000	3.267	3.267	23
YA63Q	0.022	0.000	0.022	0.022	14
YA63R	-0.083	0.000	-0.083	-0.083	9
YA63S	0.068	0.000	0.068	0.068	16
YA63T	0.804	0.000	0.804	0.804	21
YA63V	0.688	0.000	0.688	0.688	20
YA63W	-0.018	0.000	-0.018	-0.018	13
YA67A	-0.050	0.000	-0.050	-0.050	6
YA67C	0.623	0.000	0.623	0.623	20
YA67D	0.996	0.000	0.996	0.996	21
YA67E	0.556	0.000	0.556	0.556	19
YA67F	-0.057	0.000	-0.057	-0.057	5
YA67G	0.551	0.000	0.551	0.551	18
YA67H	0.469	0.000	0.469	0.469	14
YA67I	0.007	0.000	0.007	0.007	8
YA67K	-0.127	0.000	-0.127	-0.127	4
YA67L	0.034	0.000	0.034	0.034	9
YA67M	-0.241	0.000	-0.241	-0.241	2
YA67N	0.524	0.000	0.524	0.524	16
YA67P	-0.319	0.000	-0.319	-0.319	1
YA67Q	0.177	0.000	0.177	0.177	11
YA67R	-0.163	0.000	-0.163	-0.163	3
YA67S	0.470	0.000	0.470	0.470	15
YA67T	0.543	0.000	0.543	0.543	17
YA67V	0.426	0.000	0.426	0.426	13
YA67W	0.267	0.000	0.267	0.267	12
YA63y	0.040	0.000	0.040	0.040	15
YA67y	1.319	0.000	1.319	1.319	23
