# avg	std	min	max
0.83681 0.00000 0.83681 0.83681
-0.00000 0.00000 -0.00000 0.00000
0.72569 0.01072 0.71999 0.74712
-0.10446 0.01912 -0.13274 -0.08372
0.29691 0.00992 0.27710 0.30266
-0.21703 0.07018 -0.28100 -0.09365
-0.06379 0.04447 -0.14082 -0.01916
-0.24955 0.05463 -0.30255 -0.17396
2.62090 0.08360 2.48165 2.71147
0.20585 0.21625 0.09543 0.63830
0.95240 0.00032 0.95191 0.95280
0.82357 0.00018 0.82339 0.82389
-0.15628 0.32168 -0.51319 0.24616
0.16379 0.00505 0.15941 0.17341
-0.13696 0.03005 -0.17686 -0.10351
0.75948 0.00132 0.75684 0.76024
0.40811 0.00497 0.40351 0.41508
0.14376 0.02037 0.11658 0.16989
0.17448 0.02527 0.12483 0.19422
0.29421 0.00336 0.28906 0.29914
1.02518 0.04264 0.98086 1.09363
1.37443 0.06422 1.27148 1.45464
0.30693 0.11711 0.09307 0.44850
