# avg	std	min	max
0.71371 0.00000 0.71371 0.71371
-0.00000 0.00000 -0.00000 0.00000
0.40537 0.00061 0.40478 0.40638
-0.08382 0.00408 -0.08719 -0.07592
0.06461 0.00095 0.06358 0.06621
-0.07754 0.01427 -0.08825 -0.04931
-0.00791 0.02733 -0.04910 0.03537
0.26248 0.03970 0.20808 0.29984
3.26329 0.10660 3.11073 3.38406
-0.14935 0.00002 -0.14937 -0.14932
0.54429 0.05536 0.49606 0.61271
0.60840 0.00091 0.60708 0.60923
0.38226 0.05145 0.28138 0.42610
0.30666 0.04968 0.23559 0.35123
-0.21159 0.04851 -0.26686 -0.13270
0.79596 0.00625 0.78385 0.80116
0.33386 0.00777 0.32141 0.34313
-0.03944 0.00857 -0.04990 -0.02472
-0.14520 0.03460 -0.19139 -0.09227
0.49737 0.02373 0.45840 0.53160
0.89434 0.00788 0.88838 0.90969
0.93420 0.14185 0.78374 1.16063
0.44389 0.01481 0.42077 0.46332
