# avg	std	min	max
1.44094 0.00000 1.44094 1.44094
0.00000 0.00000 0.00000 0.00000
3.80739 0.00062 3.80683 3.80839
4.63739 1.52000 3.30209 7.43079
6.69852 0.57070 5.57240 7.05246
0.81249 0.48258 0.35507 1.73872
8.83825 0.46568 8.35540 9.49375
9.04087 0.92053 8.19844 10.80120
7.08190 0.09402 7.00818 7.23452
1.02830 0.02111 1.01617 1.07046
2.44724 0.01037 2.42683 2.45531
1.75861 0.03736 1.72164 1.82753
8.85434 1.29746 6.98338 10.97890
7.34818 0.66177 6.27429 8.33755
4.25987 1.34819 3.07220 6.11292
8.42532 1.78281 5.05397 10.27690
3.69094 0.21230 3.28809 3.89413
3.41275 1.07431 2.55748 5.42837
3.80522 0.81643 2.54013 4.98247
11.75576 0.54742 11.03320 12.68440
5.21336 0.92805 4.67559 7.06568
11.08916 1.30641 9.44338 12.99540
9.71654 2.30905 6.27209 12.33700
