# avg	std	min	max
1.93515 0.16881 1.61939 2.08415
2.43708 0.09168 2.26870 2.53318
3.09595 0.09453 2.96216 3.21024
2.26026 0.13960 2.06762 2.41020
2.76523 0.06728 2.64804 2.81605
2.40643 0.03924 2.35387 2.47122
2.80763 0.12146 2.64993 2.96653
1.63642 0.40727 1.17339 2.15367
-0.25790 0.05994 -0.36327 -0.18061
2.07548 0.04581 1.98685 2.11416
2.99874 0.05856 2.90654 3.08461
2.53185 0.03921 2.45631 2.56282
2.76131 0.06171 2.67967 2.83982
2.01384 0.05445 1.91796 2.06144
2.44832 0.02866 2.41684 2.50095
0.00000 0.00000 0.00000 0.00000
0.48593 0.55649 0.09631 1.57048
2.32909 0.11639 2.11623 2.47238
2.09009 0.26077 1.73309 2.42883
2.35551 0.08686 2.23745 2.47758
0.64348 0.60982 -0.19112 1.41420
3.01538 0.08152 2.85367 3.07185
2.38727 0.12950 2.21647 2.57626
