# avg	std	min	max
0.42784 0.01828 0.40824 0.45923
0.51106 0.01680 0.48779 0.53988
0.71292 0.01438 0.68839 0.73043
0.59157 0.03345 0.53543 0.63333
0.67391 0.02632 0.63753 0.71822
0.42562 0.04488 0.35302 0.46524
0.48122 0.03518 0.42226 0.52987
0.27518 0.01439 0.24977 0.29393
-0.35715 0.00571 -0.36355 -0.34959
0.60438 0.02331 0.57987 0.63711
0.59614 0.01667 0.58010 0.62437
0.53230 0.02253 0.51348 0.56993
0.53070 0.05057 0.43318 0.56742
0.59632 0.02224 0.56111 0.62279
0.47086 0.03341 0.40478 0.49666
0.33474 0.02833 0.28512 0.36664
-0.00557 0.00682 -0.01399 0.00000
0.59204 0.02825 0.56915 0.64562
0.60125 0.01012 0.58899 0.61885
0.58486 0.00590 0.57703 0.59524
0.25424 0.01253 0.23671 0.27183
0.32929 0.01790 0.30733 0.35847
-0.29237 0.08911 -0.45273 -0.19102
