# avg	std	min	max
1.00272 0.00457 0.99591 1.00829
0.50092 0.02819 0.45749 0.53464
0.46374 0.02210 0.43403 0.49374
-0.50918 0.29684 -0.81189 -0.01253
-0.12646 0.03128 -0.16303 -0.07018
-0.53812 0.05081 -0.59242 -0.46300
0.25970 0.03943 0.19437 0.30885
0.15688 0.15470 -0.06196 0.41973
5.30975 0.08337 5.24246 5.47176
0.43763 0.01564 0.41713 0.46227
0.49428 0.02507 0.46164 0.52769
0.56352 0.01994 0.53183 0.59487
0.29339 0.01350 0.27885 0.31620
0.58925 0.03096 0.53482 0.61348
0.15772 0.20529 -0.03568 0.43371
0.48381 0.03191 0.44837 0.52885
-0.00042 0.00000 -0.00042 -0.00042
-0.04819 0.04283 -0.10576 0.01254
0.43349 0.07408 0.37622 0.57856
0.99304 0.01665 0.96247 1.00938
0.33326 0.18776 -0.03176 0.50273
0.48788 0.16163 0.24680 0.65307
-0.00150 0.02160 -0.02832 0.02936
