# avg	std	min	max
1.57540 0.00020 1.57510 1.57569
1.73794 0.00024 1.73763 1.73828
1.50855 0.00625 1.49936 1.51725
0.41132 0.05846 0.30540 0.46469
1.35621 0.00851 1.34549 1.37096
1.01777 0.03376 0.95356 1.04495
1.59430 0.02100 1.56550 1.62616
1.96834 0.01616 1.93853 1.98372
-0.47238 0.00432 -0.47747 -0.46444
1.24402 0.00205 1.24124 1.24649
1.24849 0.04180 1.17833 1.30979
2.25409 0.04909 2.15597 2.28197
1.78327 0.04272 1.73129 1.84989
1.99017 0.03588 1.94589 2.05430
1.34412 0.09459 1.27080 1.52973
-0.31203 0.00599 -0.32088 -0.30585
0.00000 0.00000 0.00000 0.00000
1.28186 0.26796 0.81605 1.55431
1.98531 0.13278 1.72024 2.06614
2.38441 0.33332 1.71982 2.57548
0.81502 0.56144 -0.18909 1.28752
0.80008 0.30634 0.43371 1.21571
0.95239 0.17530 0.69071 1.13156
