# avg	std	min	max
3.70419 0.02023 3.67873 3.73615
2.12236 0.02549 2.07718 2.14548
2.29797 0.03286 2.26614 2.36110
0.79101 0.20518 0.48329 1.08327
2.12406 0.07799 2.02746 2.25782
0.12739 0.08848 0.01840 0.25644
-0.00460 0.01680 -0.01752 0.02856
1.87083 0.06850 1.75865 1.96219
8.46464 0.13213 8.25637 8.64310
2.74004 0.03511 2.67458 2.76950
3.25028 0.04469 3.21537 3.33475
2.67681 0.05029 2.59219 2.75049
0.40390 0.02131 0.38288 0.43018
3.26958 0.40770 2.45550 3.49976
2.87681 0.04826 2.78758 2.92633
2.98249 0.16639 2.71258 3.17871
2.82539 0.28244 2.34006 3.18587
2.76001 0.08293 2.65266 2.90563
2.90177 0.08833 2.77899 3.04821
2.90369 0.11138 2.70254 3.03611
4.24460 0.42091 3.89521 5.04534
7.78401 0.43809 7.10127 8.48630
1.06353 0.10766 0.87535 1.18333
