# avg	std	min	max
1.26965 0.01167 1.25462 1.28981
0.51163 0.04049 0.45825 0.55215
1.71511 0.00816 1.70183 1.72417
0.62103 0.00878 0.61433 0.63658
1.48368 0.01233 1.47471 1.50766
0.37707 0.00366 0.37065 0.38109
0.57187 0.00261 0.56877 0.57516
0.76646 0.01434 0.74936 0.79294
1.24503 0.01278 1.22769 1.26324
0.36009 0.01797 0.34188 0.39152
0.82891 0.00840 0.82406 0.84567
0.70302 0.01762 0.68358 0.73199
0.60227 0.01015 0.59294 0.61987
0.29955 0.00205 0.29558 0.30156
0.02704 0.00188 0.02347 0.02904
1.43761 0.00731 1.42854 1.44540
0.97729 0.01409 0.96530 1.00005
0.00000 0.00000 -0.00000 0.00000
-0.08106 0.05386 -0.18221 -0.03289
0.66557 0.01365 0.65373 0.69178
1.35723 0.08239 1.29702 1.51805
2.23230 0.03060 2.17492 2.25817
0.60875 0.02089 0.58549 0.64517
