# avg	std	min	max
1.27193 0.05079 1.22772 1.35865
0.34813 0.02017 0.32597 0.38050
0.39697 0.05450 0.33187 0.48903
-0.07436 0.01277 -0.09530 -0.05938
-0.16084 0.01117 -0.18122 -0.14889
-0.13725 0.04621 -0.20928 -0.07692
0.22762 0.03901 0.17412 0.29530
0.20658 0.00681 0.19375 0.21320
4.24643 0.13003 4.08983 4.41447
1.20455 0.12638 1.08537 1.38640
0.85362 0.10575 0.69547 0.95611
0.98469 0.03276 0.93689 1.02124
0.26629 0.01360 0.25677 0.29274
0.72385 0.16461 0.57266 1.03665
-0.07371 0.03399 -0.11668 -0.03087
1.34003 0.01634 1.32356 1.36800
0.92516 0.02590 0.89314 0.95081
0.01122 0.02400 -0.00287 0.05872
-0.02964 0.19309 -0.24402 0.20704
0.59616 0.03722 0.55986 0.66670
1.82457 0.00702 1.81145 1.83071
1.74230 0.03768 1.67785 1.77912
0.59073 0.05173 0.52785 0.65216
