# avg	std	min	max
0.80509 0.02126 0.78486 0.83234
-0.14207 0.01365 -0.15048 -0.11523
0.30418 0.00798 0.29215 0.31329
-0.45763 0.02003 -0.46836 -0.41759
-0.45069 0.02520 -0.46409 -0.40031
-1.09498 0.17873 -1.27015 -0.78502
-0.39091 0.02916 -0.44195 -0.35370
-0.17625 0.01424 -0.20428 -0.16665
2.74544 0.04066 2.68046 2.79943
0.64748 0.02705 0.61694 0.69466
1.20314 0.10929 0.98979 1.30090
0.69615 0.04700 0.66379 0.78463
-0.24754 0.03333 -0.29211 -0.19801
0.15813 0.03329 0.13318 0.22226
-0.32600 0.07378 -0.40557 -0.20566
-0.18211 0.03442 -0.23522 -0.13144
-0.60586 0.03044 -0.63967 -0.56852
-0.02165 0.01727 -0.04768 -0.00525
0.42149 0.00510 0.41218 0.42728
0.46533 0.01699 0.44640 0.49657
-0.88405 0.19787 -1.27719 -0.74933
-0.84277 0.07925 -0.91345 -0.69355
-0.74670 0.04257 -0.78836 -0.67676
