# avg	std	min	max
5.51052 0.03945 5.46424 5.56839
3.69306 0.09275 3.61058 3.86564
5.13521 0.44986 4.24792 5.49613
-0.00023 0.00094 -0.00138 0.00128
4.23924 0.27611 3.98964 4.60493
0.32662 0.11769 0.18958 0.51032
3.53880 0.66545 2.95943 4.41165
14.80386 3.12038 10.53860 19.91450
5.65929 0.05778 5.55627 5.71333
4.49331 0.05534 4.41807 4.56171
4.05561 0.06001 3.98303 4.14893
3.37550 0.04067 3.31978 3.42831
7.40577 0.97675 6.20649 8.53143
4.20526 0.18818 3.84678 4.36607
4.36745 0.01385 4.35012 4.39262
4.64451 0.09415 4.57068 4.82582
4.25137 0.00445 4.24407 4.25636
6.44579 0.21207 6.17375 6.70206
10.89399 1.14611 9.34407 12.61320
5.24076 0.64664 4.51948 6.41755
8.97592 0.26942 8.67662 9.34151
12.17332 0.67438 11.53500 13.11730
21.11714 1.53866 18.93160 23.58300
