# avg	std	min	max
0.61610 0.02626 0.59726 0.66420
0.88090 0.02240 0.86601 0.92379
2.38058 0.00648 2.37683 2.39351
1.18161 0.01177 1.17408 1.20508
3.44299 0.02926 3.41094 3.48489
1.23558 0.03306 1.20031 1.28949
1.02250 0.01362 1.01322 1.04961
2.63023 0.03375 2.58884 2.66836
5.39898 0.05337 5.31577 5.45831
0.28147 0.02819 0.23544 0.32269
1.33636 0.02942 1.30758 1.38789
0.91681 0.06585 0.78947 0.98121
1.06645 0.01709 1.05103 1.09770
-0.03038 0.02609 -0.07254 0.00638
0.37256 0.02210 0.34708 0.40983
1.05509 0.02984 1.00868 1.08935
1.07551 0.02986 1.03417 1.11261
-0.97740 0.05507 -1.06293 -0.91472
-0.28091 0.07609 -0.42258 -0.20763
-0.47862 0.05223 -0.54704 -0.40582
1.35679 0.03073 1.31822 1.39331
1.74894 0.02291 1.72764 1.79124
1.08330 0.02065 1.06059 1.12066
