# avg	std	min	max
-0.09284 0.00000 -0.09284 -0.09284
0.04602 0.00000 0.04602 0.04602
0.16432 0.03270 0.10890 0.19015
0.02471 0.00098 0.02381 0.02650
0.14749 0.00079 0.14668 0.14855
-0.01250 0.00133 -0.01367 -0.01052
0.23926 0.00085 0.23785 0.24054
-0.03062 0.00304 -0.03218 -0.02454
-0.00025 0.00013 -0.00041 -0.00007
-0.00287 0.00001 -0.00288 -0.00286
0.13540 0.02977 0.11334 0.19241
-0.00211 0.00002 -0.00212 -0.00206
0.23857 0.00504 0.23230 0.24353
0.00878 0.00002 0.00875 0.00881
-0.24907 0.00796 -0.25619 -0.23382
-0.11460 0.00004 -0.11465 -0.11454
-0.12070 0.00059 -0.12158 -0.11988
0.02313 0.00098 0.02191 0.02426
0.04844 0.00260 0.04530 0.05323
-0.00726 0.03947 -0.05140 0.03754
-0.11658 0.00583 -0.12375 -0.11149
0.08868 0.00561 0.08109 0.09576
-0.28546 0.01244 -0.30516 -0.26730
