# avg	std	min	max
1.35327 0.02294 1.32328 1.37771
0.33345 0.01792 0.31709 0.36073
0.24390 0.00727 0.23264 0.25067
-0.57283 0.06757 -0.70412 -0.50913
-0.51479 0.03012 -0.54265 -0.45743
-0.38771 0.01155 -0.40934 -0.37526
0.09904 0.02784 0.06276 0.13285
0.15759 0.01802 0.13070 0.18460
3.18756 0.19101 2.96269 3.47208
1.11181 0.10394 0.92398 1.20205
0.74173 0.06823 0.64160 0.81624
0.94701 0.01205 0.92987 0.96664
0.15851 0.01112 0.14105 0.17524
1.03143 0.09614 0.86574 1.13553
-0.00537 0.00214 -0.00644 -0.00109
1.01810 0.11918 0.84916 1.14999
0.29489 0.01792 0.26946 0.32557
0.00404 0.07740 -0.14747 0.05926
0.37622 0.04196 0.29396 0.40998
1.05028 0.00203 1.04625 1.05181
0.17983 0.02759 0.14008 0.21736
1.38032 0.02808 1.34176 1.42303
0.11126 0.05719 0.05106 0.20583
