# avg	std	min	max
0.93668 0.00762 0.92268 0.94554
0.41707 0.00659 0.40388 0.42036
0.37522 0.00182 0.37174 0.37712
-0.32751 0.01578 -0.35114 -0.30773
-0.10285 0.00295 -0.10538 -0.09837
-0.35412 0.00474 -0.35687 -0.34468
0.08683 0.01479 0.06761 0.11258
0.09550 0.00467 0.08931 0.10358
2.00511 0.08410 1.94342 2.16373
0.46983 0.01288 0.44635 0.48593
0.59236 0.00045 0.59176 0.59299
0.32805 0.00778 0.31984 0.33751
0.18708 0.01378 0.17756 0.21410
0.42027 0.00138 0.41892 0.42254
-0.00783 0.00000 -0.00783 -0.00783
0.72737 0.01038 0.70664 0.73294
0.25128 0.01422 0.23168 0.27320
-0.06255 0.02849 -0.08193 -0.00616
0.20627 0.01314 0.19371 0.22978
0.69501 0.05631 0.63329 0.80013
0.63764 0.01320 0.62490 0.66287
1.10044 0.00328 1.09759 1.10633
0.12327 0.01143 0.11080 0.14385
