# avg	std	min	max
2.59448 0.00865 2.58482 2.60828
1.16418 0.00883 1.15333 1.17946
0.20937 0.03296 0.14417 0.23475
0.50669 0.19371 0.22086 0.82729
-0.20904 0.02584 -0.23156 -0.15901
0.43537 0.04305 0.39432 0.51204
0.15872 0.31245 -0.02515 0.78224
0.52285 0.02239 0.49516 0.55829
0.15735 0.12016 0.02702 0.35374
1.30794 0.00811 1.30093 1.32375
0.97568 0.01245 0.96152 0.99460
1.66154 0.00862 1.64989 1.67526
0.25423 0.05384 0.20712 0.34907
0.66252 0.01088 0.65140 0.68157
-0.01212 0.00887 -0.02274 0.00000
1.75372 0.03013 1.69486 1.77976
0.99132 0.02181 0.96416 1.01901
1.30038 0.05197 1.23701 1.39237
0.43957 0.08165 0.34199 0.57660
2.59816 0.03595 2.55130 2.63284
2.32969 0.08889 2.21269 2.43195
3.38925 0.31071 3.08664 3.96763
0.80862 0.06301 0.73712 0.91655
