# avg	std	min	max
0.00056 0.09350 -0.05352 0.18652
-0.31824 0.02083 -0.33857 -0.28180
0.14813 0.01322 0.12923 0.16390
-0.19043 0.01751 -0.20371 -0.15638
0.00939 0.00518 0.00673 0.01974
-0.06836 0.01869 -0.08825 -0.03712
-0.05353 0.00589 -0.06015 -0.04575
-0.02350 0.01457 -0.04660 -0.00719
-1.39493 0.08999 -1.54993 -1.31253
-0.08197 0.00751 -0.08924 -0.06802
0.00050 0.01142 -0.01186 0.01791
0.04061 0.01213 0.02373 0.05841
0.00530 0.00204 0.00275 0.00711
-0.62800 0.19712 -1.01352 -0.47170
-0.55123 0.04732 -0.59644 -0.46140
-0.38641 0.03824 -0.41782 -0.31473
-0.71835 0.04139 -0.76281 -0.64787
-0.16696 0.03028 -0.22433 -0.14117
-0.00634 0.01381 -0.02524 0.01634
0.06155 0.08116 0.00351 0.21808
-0.80693 0.03015 -0.84773 -0.75877
-0.26202 0.03431 -0.28998 -0.20595
-0.64119 0.05196 -0.70146 -0.57738
