# avg	std	min	max
2.18255 0.02179 2.15328 2.21946
0.76385 0.00522 0.75788 0.77354
-0.24362 0.00332 -0.24996 -0.24044
-0.77558 0.37717 -1.09815 -0.30763
-0.26285 0.00489 -0.26900 -0.25490
-0.80134 0.14250 -1.08373 -0.70429
-0.16594 0.12307 -0.37019 -0.03517
2.29565 0.24769 2.07365 2.70305
3.32018 0.12254 3.21643 3.51359
1.43198 0.00937 1.42490 1.45042
0.41802 0.00209 0.41450 0.41992
0.99387 0.10312 0.84140 1.08039
0.13381 0.05647 0.04251 0.18660
0.60028 0.01004 0.58690 0.61711
0.81733 0.21761 0.52966 1.09926
-0.51080 0.16846 -0.66329 -0.30471
0.07328 0.06638 0.00298 0.18881
0.32129 0.05181 0.22034 0.36498
0.00000 0.00000 0.00000 0.00000
1.49106 0.11429 1.38978 1.69674
1.23308 0.18988 1.04969 1.51607
0.25683 0.42905 -0.26279 0.90245
0.18753 0.44905 -0.42557 0.66946
