# avg	std	min	max
0.81712 0.01370 0.80300 0.83817
0.19316 0.02266 0.15090 0.21332
1.97894 0.01982 1.95682 2.00519
0.47759 0.02609 0.45137 0.51552
1.72102 0.02510 1.68368 1.76121
0.38361 0.06891 0.27696 0.47303
0.31728 0.02858 0.29329 0.36809
0.09469 0.03466 0.04103 0.12882
1.64954 0.01664 1.62573 1.67762
0.08964 0.02324 0.05552 0.12472
0.81837 0.01285 0.79935 0.83957
1.00286 0.01613 0.97356 1.01940
0.38698 0.03500 0.33881 0.43962
0.32328 0.01893 0.29810 0.34606
0.65205 0.09749 0.48096 0.74900
0.74235 0.03061 0.69947 0.78531
0.42351 0.02150 0.38874 0.45133
0.39911 0.02787 0.35727 0.44066
-0.03041 0.02413 -0.05612 0.01557
0.61518 0.02496 0.58334 0.65858
0.53541 0.09972 0.41366 0.71478
1.74548 0.14886 1.48084 1.87577
0.25389 0.04673 0.20733 0.34058
