# avg	std	min	max
-0.16187 0.01574 -0.17791 -0.13364
-0.06346 0.05331 -0.15331 -0.00401
0.76846 0.01827 0.74627 0.79629
0.28806 0.16669 0.03224 0.55898
0.43970 0.08424 0.33070 0.57245
0.15245 0.10033 0.05071 0.29887
-0.06567 0.05766 -0.13993 0.02366
-0.39454 0.16428 -0.59797 -0.20021
-1.05433 0.12193 -1.15011 -0.81418
-0.00018 0.00021 -0.00054 0.00000
0.00140 0.00910 -0.01370 0.01216
0.99407 0.00812 0.98571 1.00810
0.16400 0.12373 -0.00986 0.27337
0.28112 0.10457 0.13094 0.43272
0.25227 0.02729 0.21554 0.29994
-0.34539 0.04042 -0.38414 -0.27325
-0.78567 0.27373 -1.02906 -0.44805
0.23163 0.02575 0.19792 0.27207
0.30500 0.18661 0.05393 0.52699
0.99137 0.10488 0.91518 1.19729
-0.61514 0.38995 -0.83965 0.16355
-0.00670 0.03911 -0.03661 0.06908
-0.07850 0.12541 -0.25151 0.13772
