# avg	std	min	max
2.21100 0.06736 2.13752 2.32067
1.29972 0.15108 1.08628 1.54128
-0.16652 0.10689 -0.30396 -0.03709
-1.02642 0.24144 -1.39327 -0.70081
-0.35284 0.20158 -0.66161 -0.10520
-0.34038 0.17179 -0.63202 -0.14038
-0.12390 0.47068 -0.84503 0.49661
1.90251 1.09488 0.55586 3.83162
1.15391 0.16632 0.83510 1.30686
1.64807 0.11337 1.42150 1.71005
0.00330 0.00194 0.00000 0.00501
0.79047 0.12214 0.58032 0.92560
-0.06795 0.20829 -0.36248 0.21613
0.45611 0.10767 0.33570 0.59810
1.19567 0.03894 1.16834 1.27271
1.51003 0.00281 1.50445 1.51183
1.02122 0.44854 0.53686 1.60540
0.74410 0.15664 0.56503 0.96417
1.47942 0.07378 1.34615 1.57139
2.21352 0.35144 1.68073 2.75266
2.71739 0.28821 2.40320 3.08212
2.76592 0.50170 1.88999 3.22817
0.07587 1.09980 -0.75666 2.21089
