# avg	std	min	max
-0.02254 0.05455 -0.11483 0.03993
0.53872 0.02745 0.48709 0.56629
-0.00111 0.00088 -0.00192 0.00040
0.01400 0.13610 -0.23098 0.15291
-0.20923 0.02390 -0.23385 -0.16699
0.16665 0.04967 0.08104 0.23150
-0.04642 0.04194 -0.11778 -0.00816
0.61368 0.03323 0.58116 0.66907
-0.26547 0.02155 -0.30372 -0.24365
0.53510 0.09465 0.40706 0.65481
0.38736 0.02538 0.37002 0.43759
0.86547 0.06366 0.75432 0.94088
-0.40126 0.04378 -0.46221 -0.34947
0.25612 0.29247 -0.21462 0.56722
-0.13141 0.29555 -0.58201 0.14869
-0.43358 0.12304 -0.53070 -0.20250
-0.49452 0.04893 -0.58653 -0.44715
-0.32239 0.01954 -0.34650 -0.29571
0.06133 0.08575 -0.04039 0.17392
0.74801 0.23197 0.55814 1.07105
-0.22270 0.06542 -0.32898 -0.13489
-0.47874 0.29739 -0.81893 -0.11185
-0.03390 0.21966 -0.40063 0.25074
