# avg	std	min	max
4.34916 0.03276 4.28366 4.36682
2.65307 0.01557 2.63417 2.68175
-0.00309 0.00550 -0.01407 0.00000
0.90347 0.08451 0.84296 1.06852
0.55693 0.02733 0.50278 0.57712
2.23299 0.82989 1.17322 3.35227
10.47831 0.93598 8.97961 11.46740
19.27848 1.79045 16.10880 21.63350
2.51643 0.00904 2.50183 2.52646
3.62201 0.00538 3.61820 3.63270
2.14393 0.07771 2.10409 2.29935
2.74999 0.01664 2.74019 2.78324
12.36822 2.55205 7.80979 15.03080
4.13560 0.01811 4.12151 4.16846
3.88594 0.21537 3.70640 4.20723
4.64528 0.01018 4.63655 4.66496
4.39131 0.05473 4.28279 4.42874
7.29841 0.52470 6.86353 8.28942
13.23576 2.18419 10.37470 16.48350
8.80646 0.41804 8.03814 9.20390
12.63976 0.48699 11.67910 13.00250
13.67956 1.49193 10.93430 15.34720
27.58720 0.75879 26.74260 28.78340
