# avg	std	min	max
0.60624 0.02735 0.58525 0.65879
-0.19286 0.00025 -0.19298 -0.19236
-0.00594 0.01218 -0.03030 0.00049
-0.66500 0.04762 -0.69508 -0.57012
-0.45323 0.02349 -0.48204 -0.41119
-0.83178 0.04726 -0.89110 -0.77060
-0.87165 0.10524 -1.00723 -0.75535
0.09850 0.04335 0.04176 0.16178
2.49443 0.35803 2.15667 2.93336
-0.16032 0.00854 -0.17392 -0.15211
0.44743 0.01305 0.42509 0.46118
0.52555 0.00074 0.52482 0.52679
-0.64596 0.10002 -0.76872 -0.51747
-0.65563 0.04850 -0.71600 -0.57062
-0.13042 0.00308 -0.13350 -0.12478
-0.16068 0.03023 -0.18444 -0.10299
-1.03469 0.03016 -1.05882 -0.97701
0.28635 0.00680 0.27703 0.29722
0.57902 0.01154 0.56425 0.58959
-0.05953 0.03133 -0.08555 -0.00044
-1.59713 0.04803 -1.68079 -1.53241
-0.42945 0.04610 -0.48545 -0.36716
-1.30850 0.54153 -1.90161 -0.55527
