# avg	std	min	max
5.94737 0.04977 5.88324 6.00494
4.31498 0.04009 4.24206 4.36546
4.92268 0.14352 4.78151 5.17040
2.41317 0.04451 2.35730 2.48191
4.64308 0.14474 4.50648 4.89399
1.74969 0.08633 1.61946 1.85713
0.97653 0.03105 0.92461 1.00799
-0.00627 0.01108 -0.02333 0.00922
8.89793 0.32716 8.46347 9.47018
5.02215 0.05476 4.93885 5.09158
5.31429 0.03490 5.25430 5.34896
4.78470 0.04284 4.72083 4.84675
1.75039 0.04633 1.68223 1.79731
4.22920 0.11024 4.12722 4.39815
3.26508 0.35456 2.56066 3.51168
4.45368 0.10519 4.30486 4.63050
3.89227 0.04587 3.82130 3.95257
4.29371 0.02228 4.25352 4.31398
4.63493 0.05387 4.57525 4.71855
2.99026 0.45264 2.24901 3.46568
5.60492 0.29892 5.12850 5.97321
7.51440 0.70777 6.80927 8.69811
1.39969 0.12491 1.26620 1.60514
