# avg	std	min	max
0.94053 0.33971 0.40236 1.30575
0.07471 0.17117 -0.16601 0.36081
0.68815 0.17298 0.47441 0.87720
-0.05465 0.19349 -0.20458 0.32190
0.49599 0.20040 0.22059 0.83625
-0.23685 0.18128 -0.47491 0.07364
-0.16554 0.32583 -0.58459 0.25288
-0.01823 0.17657 -0.26050 0.18883
3.26738 0.23578 2.93797 3.59983
0.06783 0.16968 -0.20661 0.26435
0.80366 0.29670 0.52076 1.21040
-0.08543 0.17870 -0.41499 0.11919
-0.09557 0.13995 -0.36679 0.02138
-0.02382 0.30945 -0.41058 0.35588
0.02157 0.30556 -0.43114 0.43888
-0.35342 0.27137 -0.67695 0.04802
-0.03274 0.14841 -0.29743 0.11919
0.09006 0.18535 -0.13691 0.28575
-0.08335 0.18857 -0.28070 0.22275
-0.10355 0.21463 -0.33335 0.26542
-0.45482 0.30088 -0.97196 -0.10129
0.03997 0.34475 -0.51109 0.49810
-1.07506 0.28166 -1.38568 -0.64626
