pos	WT	var	score	entropy	log2f_var	matrix
1	M	A	-0.3601	0.4116	-21.5020	-0.2641
1	M	C	-0.3656	0.4116	-21.5020	-0.2713
1	M	D	-0.4715	0.4116	-21.5020	-0.4100
1	M	E	-0.4617	0.4116	-21.5020	-0.3972
1	M	F	-0.3651	0.4116	-21.5020	-0.2707
1	M	G	-0.4410	0.4116	-21.5020	-0.3700
1	M	H	-0.4183	0.4116	-21.5020	-0.3404
1	M	I	-0.2014	0.4116	-6.6293	-0.1558
1	M	K	-0.4226	0.4116	-21.5020	-0.3460
1	M	L	-0.1589	0.4116	-4.7549	-0.1126
1	M	N	-0.4132	0.4116	-21.5020	-0.3336
1	M	P	-0.5310	0.4116	-21.5020	-0.4879
1	M	Q	-0.4052	0.4116	-21.5020	-0.3232
1	M	R	-0.4499	0.4116	-21.5020	-0.3817
1	M	S	-0.3915	0.4116	-21.5020	-0.3052
1	M	T	-0.3312	0.4116	-21.5020	-0.2263
1	M	V	-0.2314	0.4116	-6.2143	-0.1978
1	M	W	-0.4279	0.4116	-21.5020	-0.3529
1	M	Y	-0.4074	0.4116	-21.5020	-0.3261
2	S	A	-0.0280	1.5685	-1.0424	-0.1054
2	S	C	-0.1073	1.5685	-6.6958	-0.1715
2	S	D	-0.1534	1.5685	-6.2807	-0.2346
2	S	E	-0.1368	1.5685	-8.2806	-0.1995
2	S	F	-0.2108	1.5685	-21.5685	-0.2076
2	S	G	-0.0690	1.5685	-7.2807	-0.1174
2	S	H	-0.2120	1.5685	-21.5685	-0.2092
2	S	I	-0.2139	1.5685	-21.5685	-0.2117
2	S	K	-0.1535	1.5685	-8.2806	-0.2214
2	S	L	-0.1424	1.5685	-8.2806	-0.2068
2	S	M	-0.1812	1.5685	-21.5685	-0.1689
2	S	N	-0.0872	1.5685	-8.2806	-0.1346
2	S	P	-0.2184	1.5685	-8.2806	-0.3063
2	S	Q	-0.1747	1.5685	-21.5685	-0.1603
2	S	R	-0.1588	1.5685	-8.2806	-0.2283
2	S	T	-0.0475	1.5685	-6.6958	-0.0932
2	S	V	-0.1061	1.5685	-5.4734	-0.1780
2	S	W	-0.2205	1.5685	-21.5685	-0.2203
2	S	Y	-0.2156	1.5685	-21.5685	-0.2139
3	E	A	-0.0817	1.7699	-7.3264	-0.1580
3	E	C	-0.2240	1.7699	-21.6142	-0.2488
3	E	D	-0.0158	1.7699	-1.1366	-0.1131
3	E	F	-0.2016	1.7699	-21.6142	-0.2195
3	E	G	-0.1804	1.7699	-21.6142	-0.1917
3	E	H	-0.1170	1.7699	-6.7414	-0.2081
3	E	I	-0.2069	1.7699	-21.6142	-0.2265
3	E	K	-0.0970	1.7699	-6.0045	-0.1868
3	E	L	-0.1413	1.7699	-8.3263	-0.2293
3	E	M	-0.1579	1.7699	-21.6142	-0.1623
3	E	N	-0.0906	1.7699	-3.9341	-0.1923
3	E	P	-0.2387	1.7699	-7.3264	-0.3635
3	E	Q	-0.0542	1.7699	-7.3264	-0.1220
3	E	R	-0.1693	1.7699	-8.3263	-0.2660
3	E	S	-0.1003	1.7699	-8.3263	-0.1756
3	E	T	-0.1161	1.7699	-8.3263	-0.1964
3	E	V	-0.0949	1.7699	-7.3264	-0.1753
3	E	W	-0.2117	1.7699	-21.6142	-0.2327
3	E	Y	-0.1346	1.7699	-8.3263	-0.2206
4	E	A	-0.2185	1.0781	-21.6497	-0.1580
4	E	C	-0.2878	1.0781	-21.6497	-0.2488
4	E	D	-0.0987	1.0781	-4.9025	-0.1131
4	E	F	-0.2654	1.0781	-21.6497	-0.2195
4	E	G	-0.1621	1.0781	-5.5546	-0.1917
4	E	H	-0.1889	1.0781	-8.3618	-0.2081
4	E	I	-0.2708	1.0781	-21.6497	-0.2265
4	E	K	-0.1522	1.0781	-4.3619	-0.1868
4	E	L	-0.2051	1.0781	-8.3618	-0.2293
4	E	M	-0.2217	1.0781	-21.6497	-0.1623
4	E	N	-0.1768	1.0781	-8.3618	-0.1923
4	E	P	-0.3076	1.0781	-8.3618	-0.3635
4	E	Q	-0.1078	1.0781	-5.3619	-0.1220
4	E	R	-0.2250	1.0781	-6.7769	-0.2660
4	E	S	-0.1539	1.0781	-6.3619	-0.1756
4	E	T	-0.2478	1.0781	-21.6497	-0.1964
4	E	V	-0.2317	1.0781	-21.6497	-0.1753
4	E	W	-0.2755	1.0781	-21.6497	-0.2327
4	E	Y	-0.2663	1.0781	-21.6497	-0.2206
5	K	A	-0.1882	0.6908	-8.3879	-0.1604
5	K	C	-0.3262	0.6908	-21.6757	-0.2523
5	K	D	-0.3651	0.6908	-21.6757	-0.3031
5	K	E	-0.2051	0.6908	-6.8030	-0.1930
5	K	F	-0.3272	0.6908	-21.6757	-0.2535
5	K	G	-0.2394	0.6908	-6.8030	-0.2379
5	K	H	-0.2661	0.6908	-21.6757	-0.1736
5	K	I	-0.2944	0.6908	-21.6757	-0.2106
5	K	L	-0.2931	0.6908	-21.6757	-0.2089
5	K	M	-0.2661	0.6908	-21.6757	-0.1736
5	K	N	-0.1947	0.6908	-6.0661	-0.1843
5	K	P	-0.3626	0.6908	-8.3879	-0.3886
5	K	Q	-0.1875	0.6908	-8.3879	-0.1594
5	K	R	-0.1030	0.6908	-4.6876	-0.0735
5	K	S	-0.2662	0.6908	-21.6757	-0.1737
5	K	T	-0.2051	0.6908	-7.3880	-0.1892
5	K	V	-0.2105	0.6908	-8.3879	-0.1895
5	K	W	-0.3362	0.6908	-21.6757	-0.2653
5	K	Y	-0.2442	0.6908	-8.3879	-0.2337
6	P	A	-0.1628	0.9684	-7.3793	-0.1672
6	P	C	-0.2684	0.9684	-21.6671	-0.2100
6	P	D	-0.2162	0.9684	-6.3794	-0.2439
6	P	E	-0.2000	0.9684	-6.3794	-0.2227
6	P	F	-0.2968	0.9684	-21.6671	-0.2472
6	P	G	-0.1822	0.9684	-8.3792	-0.1860
6	P	H	-0.2744	0.9684	-21.6671	-0.2179
6	P	I	-0.2798	0.9684	-21.6671	-0.2250
6	P	K	-0.1917	0.9684	-6.3794	-0.2118
6	P	L	-0.2047	0.9684	-6.0574	-0.2310
6	P	M	-0.2354	0.9684	-21.6671	-0.1668
6	P	N	-0.1946	0.9684	-8.3792	-0.2022
6	P	Q	-0.1963	0.9684	-8.3792	-0.2044
6	P	R	-0.2377	0.9684	-8.3792	-0.2586
6	P	S	-0.1487	0.9684	-4.6789	-0.1668
6	P	T	-0.1695	0.9684	-6.3794	-0.1827
6	P	V	-0.1623	0.9684	-7.3793	-0.1666
6	P	W	-0.2415	0.9684	-8.3792	-0.2636
6	P	Y	-0.2978	0.9684	-21.6671	-0.2485
7	K	A	-0.0884	1.7054	-7.1189	-0.1604
7	K	C	-0.2345	1.7054	-21.9916	-0.2523
7	K	D	-0.1974	1.7054	-7.1189	-0.3031
7	K	E	-0.1015	1.7054	-4.7970	-0.1930
7	K	F	-0.2354	1.7054	-21.9916	-0.2535
7	K	G	-0.1439	1.7054	-6.3820	-0.2379
7	K	H	-0.1066	1.7054	-8.7038	-0.1736
7	K	I	-0.2027	1.7054	-21.9916	-0.2106
7	K	L	-0.1204	1.7054	-6.1189	-0.2089
7	K	M	-0.1015	1.7054	-7.7038	-0.1736
7	K	N	-0.1029	1.7054	-6.3820	-0.1843
7	K	P	-0.2708	1.7054	-8.7038	-0.3886
7	K	Q	-0.0640	1.7054	-2.4751	-0.1594
7	K	R	-0.0118	1.7054	-5.1189	-0.0735
7	K	S	-0.1016	1.7054	-7.7038	-0.1737
7	K	T	-0.1067	1.7054	-6.3820	-0.1892
7	K	V	-0.1865	1.7054	-21.9916	-0.1895
7	K	W	-0.1766	1.7054	-8.7038	-0.2653
7	K	Y	-0.2203	1.7054	-21.9916	-0.2337
8	E	A	-0.2009	0.5601	-8.8609	-0.1580
8	E	C	-0.3380	0.5601	-22.1488	-0.2488
8	E	D	-0.1483	0.5601	-5.2761	-0.1131
8	E	F	-0.3156	0.5601	-22.1488	-0.2195
8	E	G	-0.2147	0.5601	-6.5391	-0.1917
8	E	H	-0.3069	0.5601	-22.1488	-0.2081
8	E	I	-0.3210	0.5601	-22.1488	-0.2265
8	E	K	-0.2075	0.5601	-5.8611	-0.1868
8	E	L	-0.3231	0.5601	-22.1488	-0.2293
8	E	M	-0.2719	0.5601	-22.1488	-0.1623
8	E	N	-0.2271	0.5601	-8.8609	-0.1923
8	E	P	-0.4256	0.5601	-22.1488	-0.3635
8	E	Q	-0.1590	0.5601	-6.0537	-0.1220
8	E	R	-0.3512	0.5601	-22.1488	-0.2660
8	E	S	-0.2821	0.5601	-22.1488	-0.1756
8	E	T	-0.2980	0.5601	-22.1488	-0.1964
8	E	V	-0.2819	0.5601	-22.1488	-0.1753
8	E	W	-0.2579	0.5601	-8.8609	-0.2327
8	E	Y	-0.3165	0.5601	-22.1488	-0.2206
9	G	A	-0.2275	0.7801	-5.7004	-0.2405
9	G	C	-0.3712	0.7801	-22.1581	-0.3187
9	G	D	-0.2886	0.7801	-5.8704	-0.3194
9	G	E	-0.2863	0.7801	-5.5484	-0.3185
9	G	F	-0.4093	0.7801	-22.1581	-0.3686
9	G	H	-0.3840	0.7801	-22.1581	-0.3355
9	G	I	-0.3821	0.7801	-7.8703	-0.4284
9	G	K	-0.3362	0.7801	-8.8702	-0.3616
9	G	L	-0.4232	0.7801	-22.1581	-0.3868
9	G	M	-0.3614	0.7801	-22.1581	-0.3059
9	G	N	-0.2991	0.7801	-7.8703	-0.3198
9	G	P	-0.3962	0.7801	-7.8703	-0.4469
9	G	Q	-0.3750	0.7801	-22.1581	-0.3236
9	G	R	-0.3121	0.7801	-7.2854	-0.3407
9	G	S	-0.2393	0.7801	-6.8703	-0.2482
9	G	T	-0.3265	0.7801	-8.8702	-0.3489
9	G	V	-0.3186	0.7801	-6.5484	-0.3541
9	G	W	-0.4091	0.7801	-22.1581	-0.3683
9	G	Y	-0.4097	0.7801	-22.1581	-0.3691
10	V	A	-0.2115	0.6868	-7.2976	-0.1977
10	V	C	-0.3153	0.6868	-22.1704	-0.2342
10	V	D	-0.4540	0.6868	-22.1704	-0.4158
10	V	E	-0.3435	0.6868	-8.8825	-0.3599
10	V	F	-0.3646	0.6868	-22.1704	-0.2987
10	V	G	-0.3454	0.6868	-8.8825	-0.3624
10	V	H	-0.4570	0.6868	-22.1704	-0.4197
10	V	I	-0.1390	0.6868	-5.7127	-0.1133
10	V	K	-0.3706	0.6868	-6.5607	-0.4109
10	V	L	-0.2059	0.6868	-6.0753	-0.1985
10	V	M	-0.2140	0.6868	-5.8826	-0.2104
10	V	N	-0.3741	0.6868	-8.8825	-0.3999
10	V	P	-0.4918	0.6868	-22.1704	-0.4652
10	V	Q	-0.3541	0.6868	-8.8825	-0.3738
10	V	R	-0.4713	0.6868	-22.1704	-0.4384
10	V	S	-0.3233	0.6868	-8.8825	-0.3334
10	V	T	-0.2284	0.6868	-6.8826	-0.2226
10	V	W	-0.4051	0.6868	-22.1704	-0.3518
10	V	Y	-0.4080	0.6868	-22.1704	-0.3556
11	K	A	-0.2129	0.4517	-8.9098	-0.1604
11	K	C	-0.3509	0.4517	-22.1976	-0.2523
11	K	D	-0.3897	0.4517	-22.1976	-0.3031
11	K	E	-0.2216	0.4517	-5.7400	-0.1930
11	K	F	-0.3518	0.4517	-22.1976	-0.2535
11	K	G	-0.2670	0.4517	-7.9098	-0.2379
11	K	H	-0.2908	0.4517	-22.1976	-0.1736
11	K	I	-0.3191	0.4517	-22.1976	-0.2106
11	K	L	-0.3178	0.4517	-22.1976	-0.2089
11	K	M	-0.2230	0.4517	-8.9098	-0.1736
11	K	N	-0.2261	0.4517	-7.9098	-0.1843
11	K	P	-0.3872	0.4517	-8.9098	-0.3886
11	K	Q	-0.2800	0.4517	-22.1976	-0.1594
11	K	R	-0.1347	0.4517	-6.5879	-0.0735
11	K	S	-0.2180	0.4517	-7.9098	-0.1737
11	K	T	-0.2268	0.4517	-7.3249	-0.1892
11	K	V	-0.3029	0.4517	-22.1976	-0.1895
11	K	W	-0.3608	0.4517	-22.1976	-0.2653
11	K	Y	-0.3367	0.4517	-22.1976	-0.2337
12	T	A	-0.1798	0.7266	-7.3279	-0.1608
12	T	C	-0.2916	0.7266	-22.2006	-0.2077
12	T	D	-0.3713	0.7266	-22.2006	-0.3121
12	T	E	-0.2707	0.7266	-7.3279	-0.2798
12	T	F	-0.3630	0.7266	-22.2006	-0.3012
12	T	G	-0.2471	0.7266	-6.1055	-0.2570
12	T	H	-0.3433	0.7266	-22.2006	-0.2754
12	T	I	-0.2138	0.7266	-8.9128	-0.1947
12	T	K	-0.2629	0.7266	-7.3279	-0.2696
12	T	L	-0.2658	0.7266	-8.9128	-0.2627
12	T	M	-0.2225	0.7266	-6.9129	-0.2194
12	T	N	-0.2333	0.7266	-6.9129	-0.2336
12	T	P	-0.3369	0.7266	-5.9129	-0.3759
12	T	Q	-0.3208	0.7266	-22.2006	-0.2460
12	T	R	-0.2739	0.7266	-8.9128	-0.2733
12	T	S	-0.1355	0.7266	-5.7430	-0.1133
12	T	V	-0.2692	0.7266	-22.2006	-0.1784
12	T	W	-0.3559	0.7266	-22.2006	-0.2919
12	T	Y	-0.3644	0.7266	-22.2006	-0.3031
13	E	A	-0.2884	0.3494	-22.2185	-0.1580
13	E	C	-0.3578	0.3494	-22.2185	-0.2488
13	E	D	-0.1761	0.3494	-6.9307	-0.1131
13	E	F	-0.3354	0.3494	-22.2185	-0.2195
13	E	G	-0.3141	0.3494	-22.2185	-0.1917
13	E	H	-0.3267	0.3494	-22.2185	-0.2081
13	E	I	-0.3407	0.3494	-22.2185	-0.2265
13	E	K	-0.2283	0.3494	-6.1234	-0.1868
13	E	L	-0.3429	0.3494	-22.2185	-0.2293
13	E	M	-0.2917	0.3494	-22.2185	-0.1623
13	E	N	-0.2417	0.3494	-7.9307	-0.1923
13	E	P	-0.4454	0.3494	-22.2185	-0.3635
13	E	Q	-0.1931	0.3494	-8.9306	-0.1220
13	E	R	-0.3709	0.3494	-22.2185	-0.2660
13	E	S	-0.2260	0.3494	-7.3457	-0.1756
13	E	T	-0.3177	0.3494	-22.2185	-0.1964
13	E	V	-0.2287	0.3494	-7.9307	-0.1753
13	E	W	-0.2777	0.3494	-8.9306	-0.2327
13	E	Y	-0.3362	0.3494	-22.2185	-0.2206
14	N	A	-0.2865	0.4606	-22.2390	-0.1688
14	N	C	-0.3364	0.4606	-22.2390	-0.2341
14	N	D	-0.2219	0.4606	-8.9511	-0.1730
14	N	E	-0.3168	0.4606	-22.2390	-0.2085
14	N	F	-0.3437	0.4606	-22.2390	-0.2436
14	N	G	-0.2495	0.4606	-8.9511	-0.2091
14	N	H	-0.2915	0.4606	-22.2390	-0.1753
14	N	I	-0.3368	0.4606	-22.2390	-0.2346
14	N	K	-0.2219	0.4606	-8.9511	-0.1730
14	N	L	-0.3432	0.4606	-22.2390	-0.2430
14	N	M	-0.2974	0.4606	-22.2390	-0.1830
14	N	P	-0.4521	0.4606	-22.2390	-0.3856
14	N	Q	-0.2127	0.4606	-8.9511	-0.1609
14	N	R	-0.3219	0.4606	-22.2390	-0.2151
14	N	S	-0.1655	0.4606	-4.4277	-0.1294
14	N	T	-0.2239	0.4606	-6.1439	-0.1943
14	N	V	-0.3301	0.4606	-22.2390	-0.2259
14	N	W	-0.3488	0.4606	-22.2390	-0.2503
14	N	Y	-0.3272	0.4606	-22.2390	-0.2221
15	D	A	-0.1903	0.9843	-8.9541	-0.1947
15	D	C	-0.2996	0.9843	-22.2419	-0.2490
15	D	E	-0.1069	0.9843	-3.3996	-0.1226
15	D	F	-0.3583	0.9843	-22.2419	-0.3258
15	D	G	-0.1913	0.9843	-6.9542	-0.2093
15	D	H	-0.1996	0.9843	-8.9541	-0.2069
15	D	I	-0.3505	0.9843	-22.2419	-0.3156
15	D	K	-0.3289	0.9843	-22.2419	-0.2873
15	D	L	-0.3441	0.9843	-22.2419	-0.3073
15	D	M	-0.2829	0.9843	-22.2419	-0.2271
15	D	N	-0.1295	0.9843	-3.5619	-0.1511
15	D	P	-0.3951	0.9843	-22.2419	-0.3740
15	D	Q	-0.2851	0.9843	-22.2419	-0.2300
15	D	R	-0.3599	0.9843	-22.2419	-0.3279
15	D	S	-0.1967	0.9843	-8.9541	-0.2031
15	D	T	-0.2946	0.9843	-22.2419	-0.2424
15	D	V	-0.3052	0.9843	-22.2419	-0.2563
15	D	W	-0.3387	0.9843	-22.2419	-0.3002
15	D	Y	-0.3031	0.9843	-22.2419	-0.2536
16	H	A	-0.2606	0.3966	-22.2448	-0.1271
16	H	C	-0.2392	0.3966	-7.3721	-0.1985
16	H	D	-0.2349	0.3966	-7.9570	-0.1889
16	H	E	-0.3193	0.3966	-22.2448	-0.2040
16	H	F	-0.2822	0.3966	-22.2448	-0.1554
16	H	G	-0.2754	0.3966	-8.9570	-0.2352
16	H	I	-0.3468	0.3966	-22.2448	-0.2400
16	H	K	-0.3035	0.3966	-22.2448	-0.1833
16	H	L	-0.2375	0.3966	-7.9570	-0.1923
16	H	M	-0.2605	0.3966	-22.2448	-0.1270
16	H	N	-0.1995	0.3966	-8.9570	-0.1359
16	H	P	-0.3560	0.3966	-8.9570	-0.3408
16	H	Q	-0.1529	0.3966	-7.3721	-0.0855
16	H	R	-0.2160	0.3966	-6.3721	-0.1747
16	H	S	-0.1987	0.3966	-8.9570	-0.1349
16	H	T	-0.3114	0.3966	-22.2448	-0.1936
16	H	V	-0.3032	0.3966	-22.2448	-0.1829
16	H	W	-0.2985	0.3966	-22.2448	-0.1767
16	H	Y	-0.1595	0.3966	-7.9570	-0.0902
17	I	A	-0.4096	0.1816	-22.2448	-0.2963
17	I	C	-0.3896	0.1816	-22.2448	-0.2701
17	I	D	-0.5337	0.1816	-22.2448	-0.4587
17	I	E	-0.5146	0.1816	-22.2448	-0.4337
17	I	F	-0.3706	0.1816	-22.2448	-0.2452
17	I	G	-0.5003	0.1816	-22.2448	-0.4150
17	I	H	-0.5002	0.1816	-22.2448	-0.4149
17	I	K	-0.5071	0.1816	-22.2448	-0.4239
17	I	L	-0.2948	0.1816	-22.2448	-0.1460
17	I	M	-0.2327	0.1816	-8.9570	-0.1534
17	I	N	-0.3789	0.1816	-8.9570	-0.3449
17	I	P	-0.5537	0.1816	-22.2448	-0.4849
17	I	Q	-0.4743	0.1816	-22.2448	-0.3810
17	I	R	-0.5339	0.1816	-22.2448	-0.4590
17	I	S	-0.4502	0.1816	-22.2448	-0.3494
17	I	T	-0.2992	0.1816	-8.9570	-0.2405
17	I	V	-0.1718	0.1816	-5.9571	-0.0938
17	I	W	-0.4595	0.1816	-22.2448	-0.3616
17	I	Y	-0.4684	0.1816	-22.2448	-0.3732
18	N	A	-0.2878	0.4472	-22.2448	-0.1688
18	N	C	-0.3377	0.4472	-22.2448	-0.2341
18	N	D	-0.2079	0.4472	-5.9571	-0.1730
18	N	E	-0.2503	0.4472	-8.9570	-0.2085
18	N	F	-0.3449	0.4472	-22.2448	-0.2436
18	N	G	-0.3186	0.4472	-22.2448	-0.2091
18	N	H	-0.2118	0.4472	-6.3721	-0.1753
18	N	I	-0.2600	0.4472	-6.9571	-0.2346
18	N	K	-0.2232	0.4472	-8.9570	-0.1730
18	N	L	-0.3445	0.4472	-22.2448	-0.2430
18	N	M	-0.2986	0.4472	-22.2448	-0.1830
18	N	P	-0.4534	0.4472	-22.2448	-0.3856
18	N	Q	-0.2139	0.4472	-8.9570	-0.1609
18	N	R	-0.3232	0.4472	-22.2448	-0.2151
18	N	S	-0.1797	0.4472	-6.9571	-0.1294
18	N	T	-0.2344	0.4472	-7.9570	-0.1943
18	N	V	-0.3314	0.4472	-22.2448	-0.2259
18	N	W	-0.3500	0.4472	-22.2448	-0.2503
18	N	Y	-0.3285	0.4472	-22.2448	-0.2221
19	L	A	-0.4023	0.1874	-22.2448	-0.2874
19	L	C	-0.3915	0.1874	-22.2448	-0.2733
19	L	D	-0.5238	0.1874	-22.2448	-0.4465
19	L	E	-0.4919	0.1874	-22.2448	-0.4047
19	L	F	-0.2679	0.1874	-8.9570	-0.2003
19	L	G	-0.4771	0.1874	-22.2448	-0.3854
19	L	H	-0.4447	0.1874	-22.2448	-0.3429
19	L	I	-0.2764	0.1874	-22.2448	-0.1226
19	L	K	-0.4909	0.1874	-22.2448	-0.4034
19	L	M	-0.2268	0.1874	-7.9570	-0.1531
19	L	N	-0.4701	0.1874	-22.2448	-0.3762
19	L	P	-0.4128	0.1874	-7.9570	-0.3966
19	L	Q	-0.4231	0.1874	-22.2448	-0.3146
19	L	R	-0.4825	0.1874	-22.2448	-0.3924
19	L	S	-0.3598	0.1874	-7.9570	-0.3272
19	L	T	-0.4054	0.1874	-22.2448	-0.2915
19	L	V	-0.2368	0.1874	-7.3721	-0.1701
19	L	W	-0.4349	0.1874	-22.2448	-0.3301
19	L	Y	-0.4278	0.1874	-22.2448	-0.3208
20	K	A	-0.3103	0.1328	-22.2448	-0.1604
20	K	C	-0.3805	0.1328	-22.2448	-0.2523
20	K	D	-0.4193	0.1328	-22.2448	-0.3031
20	K	E	-0.2674	0.1328	-8.9570	-0.1930
20	K	F	-0.3814	0.1328	-22.2448	-0.2535
20	K	G	-0.3695	0.1328	-22.2448	-0.2379
20	K	H	-0.3204	0.1328	-22.2448	-0.1736
20	K	I	-0.3486	0.1328	-22.2448	-0.2106
20	K	L	-0.3473	0.1328	-22.2448	-0.2089
20	K	M	-0.3204	0.1328	-22.2448	-0.1736
20	K	N	-0.3286	0.1328	-22.2448	-0.1843
20	K	P	-0.4846	0.1328	-22.2448	-0.3886
20	K	Q	-0.2417	0.1328	-8.9570	-0.1594
20	K	R	-0.1680	0.1328	-7.3721	-0.0735
20	K	S	-0.3205	0.1328	-22.2448	-0.1737
20	K	T	-0.2594	0.1328	-7.9570	-0.1892
20	K	V	-0.3325	0.1328	-22.2448	-0.1895
20	K	W	-0.3904	0.1328	-22.2448	-0.2653
20	K	Y	-0.3663	0.1328	-22.2448	-0.2337
21	V	A	-0.2673	0.1175	-7.9570	-0.1977
21	V	C	-0.3681	0.1175	-22.2448	-0.2342
21	V	D	-0.5068	0.1175	-22.2448	-0.4158
21	V	E	-0.4641	0.1175	-22.2448	-0.3599
21	V	F	-0.4173	0.1175	-22.2448	-0.2987
21	V	G	-0.3982	0.1175	-8.9570	-0.3624
21	V	H	-0.5098	0.1175	-22.2448	-0.4197
21	V	I	-0.2757	0.1175	-22.2448	-0.1133
21	V	K	-0.5031	0.1175	-22.2448	-0.4109
21	V	L	-0.2730	0.1175	-8.9570	-0.1985
21	V	M	-0.2770	0.1175	-7.9570	-0.2104
21	V	N	-0.4946	0.1175	-22.2448	-0.3999
21	V	P	-0.5445	0.1175	-22.2448	-0.4652
21	V	Q	-0.4747	0.1175	-22.2448	-0.3738
21	V	R	-0.5241	0.1175	-22.2448	-0.4384
21	V	S	-0.4439	0.1175	-22.2448	-0.3334
21	V	T	-0.3592	0.1175	-22.2448	-0.2226
21	V	W	-0.4579	0.1175	-22.2448	-0.3518
21	V	Y	-0.4608	0.1175	-22.2448	-0.3556
22	A	C	-0.2579	0.8988	-22.2419	-0.1841
22	A	D	-0.3396	0.8988	-22.2419	-0.2911
22	A	E	-0.2494	0.8988	-7.3692	-0.2723
22	A	F	-0.3080	0.8988	-22.2419	-0.2497
22	A	G	-0.1836	0.8988	-8.9541	-0.1756
22	A	H	-0.2443	0.8988	-8.9541	-0.2551
22	A	I	-0.2976	0.8988	-22.2419	-0.2360
22	A	K	-0.3299	0.8988	-22.2419	-0.2784
22	A	L	-0.2124	0.8988	-4.6323	-0.2422
22	A	M	-0.1851	0.8988	-7.3692	-0.1882
22	A	N	-0.3100	0.8988	-22.2419	-0.2523
22	A	P	-0.3794	0.8988	-22.2419	-0.3431
22	A	Q	-0.3075	0.8988	-22.2419	-0.2490
22	A	R	-0.3406	0.8988	-22.2419	-0.2924
22	A	S	-0.1467	0.8988	-7.3692	-0.1379
22	A	T	-0.1455	0.8988	-5.9542	-0.1457
22	A	V	-0.1323	0.8988	-3.9542	-0.1418
22	A	W	-0.3189	0.8988	-22.2419	-0.2640
22	A	Y	-0.3272	0.8988	-22.2419	-0.2748
23	G	A	-0.2917	0.2629	-8.9541	-0.2405
23	G	C	-0.4192	0.2629	-22.2419	-0.3187
23	G	D	-0.3520	0.2629	-8.9541	-0.3194
23	G	E	-0.3360	0.2629	-5.9542	-0.3185
23	G	F	-0.4573	0.2629	-22.2419	-0.3686
23	G	H	-0.4321	0.2629	-22.2419	-0.3355
23	G	I	-0.5030	0.2629	-22.2419	-0.4284
23	G	K	-0.4520	0.2629	-22.2419	-0.3616
23	G	L	-0.4712	0.2629	-22.2419	-0.3868
23	G	M	-0.4095	0.2629	-22.2419	-0.3059
23	G	N	-0.4201	0.2629	-22.2419	-0.3198
23	G	P	-0.5172	0.2629	-22.2419	-0.4469
23	G	Q	-0.4230	0.2629	-22.2419	-0.3236
23	G	R	-0.3564	0.2629	-6.6322	-0.3407
23	G	S	-0.2976	0.2629	-8.9541	-0.2482
23	G	T	-0.4423	0.2629	-22.2419	-0.3489
23	G	V	-0.4463	0.2629	-22.2419	-0.3541
23	G	W	-0.4571	0.2629	-22.2419	-0.3683
23	G	Y	-0.4577	0.2629	-22.2419	-0.3691
24	Q	A	-0.2852	0.1595	-22.2419	-0.1308
24	Q	C	-0.3314	0.1595	-22.2419	-0.1913
24	Q	D	-0.3718	0.1595	-22.2419	-0.2441
24	Q	E	-0.2225	0.1595	-8.9541	-0.1375
24	Q	F	-0.3395	0.1595	-22.2419	-0.2018
24	Q	G	-0.3559	0.1595	-22.2419	-0.2233
24	Q	H	-0.2134	0.1595	-7.9541	-0.1322
24	Q	I	-0.3208	0.1595	-22.2419	-0.1774
24	Q	K	-0.3184	0.1595	-22.2419	-0.1742
24	Q	L	-0.2364	0.1595	-8.9541	-0.1556
24	Q	M	-0.2751	0.1595	-22.2419	-0.1176
24	Q	N	-0.3009	0.1595	-22.2419	-0.1513
24	Q	P	-0.3910	0.1595	-8.9541	-0.3581
24	Q	R	-0.3169	0.1595	-22.2419	-0.1723
24	Q	S	-0.2307	0.1595	-7.9541	-0.1549
24	Q	T	-0.3136	0.1595	-22.2419	-0.1679
24	Q	V	-0.3209	0.1595	-22.2419	-0.1775
24	Q	W	-0.2710	0.1595	-8.9541	-0.2010
24	Q	Y	-0.3417	0.1595	-22.2419	-0.2048
25	D	A	-0.3331	0.1693	-22.2419	-0.1947
25	D	C	-0.3746	0.1693	-22.2419	-0.2490
25	D	E	-0.2022	0.1693	-7.3692	-0.1226
25	D	F	-0.4333	0.1693	-22.2419	-0.3258
25	D	G	-0.2684	0.1693	-7.3692	-0.2093
25	D	H	-0.2746	0.1693	-8.9541	-0.2069
25	D	I	-0.4255	0.1693	-22.2419	-0.3156
25	D	K	-0.4039	0.1693	-22.2419	-0.2873
25	D	L	-0.4191	0.1693	-22.2419	-0.3073
25	D	M	-0.3579	0.1693	-22.2419	-0.2271
25	D	N	-0.2320	0.1693	-8.9541	-0.1511
25	D	P	-0.4701	0.1693	-22.2419	-0.3740
25	D	Q	-0.3601	0.1693	-22.2419	-0.2300
25	D	R	-0.4349	0.1693	-22.2419	-0.3279
25	D	S	-0.3395	0.1693	-22.2419	-0.2031
25	D	T	-0.3696	0.1693	-22.2419	-0.2424
25	D	V	-0.3802	0.1693	-22.2419	-0.2563
25	D	W	-0.4137	0.1693	-22.2419	-0.3002
25	D	Y	-0.3103	0.1693	-8.9541	-0.2536
26	G	A	-0.2604	0.5155	-7.3692	-0.2405
26	G	C	-0.3282	0.5155	-8.9541	-0.3187
26	G	D	-0.3169	0.5155	-6.6322	-0.3194
26	G	E	-0.3958	0.5155	-22.2419	-0.3185
26	G	F	-0.4341	0.5155	-22.2419	-0.3686
26	G	H	-0.4088	0.5155	-22.2419	-0.3355
26	G	I	-0.4798	0.5155	-22.2419	-0.4284
26	G	K	-0.4288	0.5155	-22.2419	-0.3616
26	G	L	-0.4480	0.5155	-22.2419	-0.3868
26	G	M	-0.3862	0.5155	-22.2419	-0.3059
26	G	N	-0.3073	0.5155	-4.7063	-0.3198
26	G	P	-0.4939	0.5155	-22.2419	-0.4469
26	G	Q	-0.3997	0.5155	-22.2419	-0.3236
26	G	R	-0.4128	0.5155	-22.2419	-0.3407
26	G	S	-0.2600	0.5155	-6.1468	-0.2482
26	G	T	-0.4191	0.5155	-22.2419	-0.3489
26	G	V	-0.3552	0.5155	-8.9541	-0.3541
26	G	W	-0.4339	0.5155	-22.2419	-0.3683
26	G	Y	-0.4345	0.5155	-22.2419	-0.3691
27	S	A	-0.1503	0.4276	-4.4306	-0.1054
27	S	C	-0.2916	0.4276	-22.2419	-0.1715
27	S	D	-0.3398	0.4276	-22.2419	-0.2346
27	S	E	-0.3130	0.4276	-22.2419	-0.1995
27	S	F	-0.2514	0.4276	-8.9541	-0.2076
27	S	G	-0.2503	0.4276	-22.2419	-0.1174
27	S	H	-0.3204	0.4276	-22.2419	-0.2092
27	S	I	-0.3223	0.4276	-22.2419	-0.2117
27	S	K	-0.3297	0.4276	-22.2419	-0.2214
27	S	L	-0.2427	0.4276	-7.3692	-0.2068
27	S	M	-0.2896	0.4276	-22.2419	-0.1689
27	S	N	-0.2634	0.4276	-22.2419	-0.1346
27	S	P	-0.3268	0.4276	-8.9541	-0.3063
27	S	Q	-0.2831	0.4276	-22.2419	-0.1603
27	S	R	-0.2672	0.4276	-8.9541	-0.2283
27	S	T	-0.1640	0.4276	-8.9541	-0.0932
27	S	V	-0.2966	0.4276	-22.2419	-0.1780
27	S	W	-0.3289	0.4276	-22.2419	-0.2203
27	S	Y	-0.2562	0.4276	-8.9541	-0.2139
28	V	A	-0.2501	0.3600	-8.9541	-0.1977
28	V	C	-0.3458	0.3600	-22.2419	-0.2342
28	V	D	-0.4845	0.3600	-22.2419	-0.4158
28	V	E	-0.3659	0.3600	-7.3692	-0.3599
28	V	F	-0.3950	0.3600	-22.2419	-0.2987
28	V	G	-0.3678	0.3600	-7.3692	-0.3624
28	V	H	-0.4874	0.3600	-22.2419	-0.4197
28	V	I	-0.1713	0.3600	-6.1468	-0.1133
28	V	K	-0.4129	0.3600	-8.9541	-0.4109
28	V	L	-0.2456	0.3600	-7.9541	-0.1985
28	V	M	-0.2496	0.3600	-6.9542	-0.2104
28	V	N	-0.4723	0.3600	-22.2419	-0.3999
28	V	P	-0.5222	0.3600	-22.2419	-0.4652
28	V	Q	-0.4524	0.3600	-22.2419	-0.3738
28	V	R	-0.5017	0.3600	-22.2419	-0.4384
28	V	S	-0.4215	0.3600	-22.2419	-0.3334
28	V	T	-0.3369	0.3600	-22.2419	-0.2226
28	V	W	-0.4356	0.3600	-22.2419	-0.3518
28	V	Y	-0.4385	0.3600	-22.2419	-0.3556
29	V	A	-0.2570	0.1973	-7.3750	-0.1977
29	V	C	-0.3608	0.1973	-22.2477	-0.2342
29	V	D	-0.4995	0.1973	-22.2477	-0.4158
29	V	E	-0.4568	0.1973	-22.2477	-0.3599
29	V	F	-0.4100	0.1973	-22.2477	-0.2987
29	V	G	-0.4587	0.1973	-22.2477	-0.3624
29	V	H	-0.5024	0.1973	-22.2477	-0.4197
29	V	I	-0.1955	0.1973	-7.9599	-0.1133
29	V	K	-0.4957	0.1973	-22.2477	-0.4109
29	V	L	-0.3335	0.1973	-22.2477	-0.1985
29	V	M	-0.2604	0.1973	-6.1526	-0.2104
29	V	N	-0.4873	0.1973	-22.2477	-0.3999
29	V	P	-0.5372	0.1973	-22.2477	-0.4652
29	V	Q	-0.4674	0.1973	-22.2477	-0.3738
29	V	R	-0.5167	0.1973	-22.2477	-0.4384
29	V	S	-0.4365	0.1973	-22.2477	-0.3334
29	V	T	-0.3519	0.1973	-22.2477	-0.2226
29	V	W	-0.4506	0.1973	-22.2477	-0.3518
29	V	Y	-0.4535	0.1973	-22.2477	-0.3556
30	Q	A	-0.2643	0.3870	-22.2477	-0.1308
30	Q	C	-0.3105	0.3870	-22.2477	-0.1913
30	Q	D	-0.3509	0.3870	-22.2477	-0.2441
30	Q	E	-0.2694	0.3870	-22.2477	-0.1375
30	Q	F	-0.3186	0.3870	-22.2477	-0.2018
30	Q	G	-0.3350	0.3870	-22.2477	-0.2233
30	Q	H	-0.1787	0.3870	-5.2596	-0.1322
30	Q	I	-0.2999	0.3870	-22.2477	-0.1774
30	Q	K	-0.2975	0.3870	-22.2477	-0.1742
30	Q	L	-0.2104	0.3870	-7.9599	-0.1556
30	Q	M	-0.2542	0.3870	-22.2477	-0.1176
30	Q	N	-0.2800	0.3870	-22.2477	-0.1513
30	Q	P	-0.3701	0.3870	-8.9599	-0.3581
30	Q	R	-0.2164	0.3870	-6.6381	-0.1723
30	Q	S	-0.2149	0.3870	-8.9599	-0.1549
30	Q	T	-0.2927	0.3870	-22.2477	-0.1679
30	Q	V	-0.3000	0.3870	-22.2477	-0.1775
30	Q	W	-0.3179	0.3870	-22.2477	-0.2010
30	Q	Y	-0.2449	0.3870	-7.3750	-0.2048
31	F	A	-0.3602	0.1767	-7.9657	-0.3264
31	F	C	-0.3283	0.1767	-7.9657	-0.2847
31	F	D	-0.5561	0.1767	-22.2535	-0.4874
31	F	E	-0.5254	0.1767	-22.2535	-0.4473
31	F	G	-0.4685	0.1767	-22.2535	-0.3727
31	F	H	-0.4607	0.1767	-22.2535	-0.3625
31	F	I	-0.3770	0.1767	-22.2535	-0.2530
31	F	K	-0.5323	0.1767	-22.2535	-0.4563
31	F	L	-0.2595	0.1767	-6.6438	-0.2034
31	F	M	-0.3702	0.1767	-22.2535	-0.2440
31	F	N	-0.4857	0.1767	-22.2535	-0.3953
31	F	P	-0.5565	0.1767	-22.2535	-0.4879
31	F	Q	-0.4878	0.1767	-22.2535	-0.3980
31	F	R	-0.5337	0.1767	-22.2535	-0.4581
31	F	S	-0.4121	0.1767	-22.2535	-0.2989
31	F	T	-0.4584	0.1767	-22.2535	-0.3595
31	F	V	-0.3714	0.1767	-22.2535	-0.2456
31	F	W	-0.3566	0.1767	-22.2535	-0.2263
31	F	Y	-0.2571	0.1767	-8.9656	-0.1848
32	K	A	-0.3055	0.1855	-22.2535	-0.1604
32	K	C	-0.3757	0.1855	-22.2535	-0.2523
32	K	D	-0.4145	0.1855	-22.2535	-0.3031
32	K	E	-0.3304	0.1855	-22.2535	-0.1930
32	K	F	-0.3766	0.1855	-22.2535	-0.2535
32	K	G	-0.3647	0.1855	-22.2535	-0.2379
32	K	H	-0.3156	0.1855	-22.2535	-0.1736
32	K	I	-0.3438	0.1855	-22.2535	-0.2106
32	K	L	-0.3425	0.1855	-22.2535	-0.2089
32	K	M	-0.3156	0.1855	-22.2535	-0.1736
32	K	N	-0.2457	0.1855	-6.9658	-0.1843
32	K	P	-0.4798	0.1855	-22.2535	-0.3886
32	K	Q	-0.3047	0.1855	-22.2535	-0.1594
32	K	R	-0.1560	0.1855	-5.9658	-0.0735
32	K	S	-0.3157	0.1855	-22.2535	-0.1737
32	K	T	-0.3275	0.1855	-22.2535	-0.1892
32	K	V	-0.3277	0.1855	-22.2535	-0.1895
32	K	W	-0.3856	0.1855	-22.2535	-0.2653
32	K	Y	-0.3615	0.1855	-22.2535	-0.2337
33	I	A	-0.4136	0.1384	-22.2448	-0.2963
33	I	C	-0.3936	0.1384	-22.2448	-0.2701
33	I	D	-0.5376	0.1384	-22.2448	-0.4587
33	I	E	-0.5185	0.1384	-22.2448	-0.4337
33	I	F	-0.3746	0.1384	-22.2448	-0.2452
33	I	G	-0.5043	0.1384	-22.2448	-0.4150
33	I	H	-0.5042	0.1384	-22.2448	-0.4149
33	I	K	-0.5111	0.1384	-22.2448	-0.4239
33	I	L	-0.2310	0.1384	-8.9570	-0.1460
33	I	M	-0.2315	0.1384	-7.9570	-0.1534
33	I	N	-0.4507	0.1384	-22.2448	-0.3449
33	I	P	-0.5577	0.1384	-22.2448	-0.4849
33	I	Q	-0.4783	0.1384	-22.2448	-0.3810
33	I	R	-0.5379	0.1384	-22.2448	-0.4590
33	I	S	-0.3863	0.1384	-8.9570	-0.3494
33	I	T	-0.2981	0.1384	-7.9570	-0.2405
33	I	V	-0.1911	0.1384	-8.9570	-0.0938
33	I	W	-0.4635	0.1384	-22.2448	-0.3616
33	I	Y	-0.4723	0.1384	-22.2448	-0.3732
34	K	A	-0.3013	0.2306	-22.2448	-0.1604
34	K	C	-0.3715	0.2306	-22.2448	-0.2523
34	K	D	-0.4103	0.2306	-22.2448	-0.3031
34	K	E	-0.3262	0.2306	-22.2448	-0.1930
34	K	F	-0.3724	0.2306	-22.2448	-0.2535
34	K	G	-0.3605	0.2306	-22.2448	-0.2379
34	K	H	-0.3114	0.2306	-22.2448	-0.1736
34	K	I	-0.3396	0.2306	-22.2448	-0.2106
34	K	L	-0.3383	0.2306	-22.2448	-0.2089
34	K	M	-0.2436	0.2306	-8.9570	-0.1736
34	K	N	-0.2466	0.2306	-7.9570	-0.1843
34	K	P	-0.4756	0.2306	-22.2448	-0.3886
34	K	Q	-0.2209	0.2306	-6.6352	-0.1594
34	K	R	-0.1620	0.2306	-7.9570	-0.0735
34	K	S	-0.3115	0.2306	-22.2448	-0.1737
34	K	T	-0.2474	0.2306	-7.3721	-0.1892
34	K	V	-0.3235	0.2306	-22.2448	-0.1895
34	K	W	-0.3814	0.2306	-22.2448	-0.2653
34	K	Y	-0.3573	0.2306	-22.2448	-0.2337
35	R	A	-0.3581	0.5638	-22.2506	-0.2748
35	R	C	-0.3669	0.5638	-22.2506	-0.2864
35	R	D	-0.4491	0.5638	-22.2506	-0.3940
35	R	E	-0.3943	0.5638	-22.2506	-0.3223
35	R	F	-0.3902	0.5638	-22.2506	-0.3169
35	R	G	-0.3934	0.5638	-22.2506	-0.3211
35	R	H	-0.3278	0.5638	-22.2506	-0.2352
35	R	I	-0.3875	0.5638	-22.2506	-0.3133
35	R	K	-0.1530	0.5638	-3.5706	-0.1311
35	R	L	-0.3605	0.5638	-22.2506	-0.2780
35	R	M	-0.2534	0.5638	-7.9628	-0.2333
35	R	N	-0.3729	0.5638	-22.2506	-0.2943
35	R	P	-0.5001	0.5638	-22.2506	-0.4608
35	R	Q	-0.2599	0.5638	-7.9628	-0.2417
35	R	S	-0.2827	0.5638	-7.3779	-0.2755
35	R	T	-0.2951	0.5638	-8.9628	-0.2812
35	R	V	-0.3746	0.5638	-22.2506	-0.2964
35	R	W	-0.3758	0.5638	-22.2506	-0.2980
35	R	Y	-0.3795	0.5638	-22.2506	-0.3029
36	H	A	-0.2529	0.4807	-22.2506	-0.1271
36	H	C	-0.3074	0.4807	-22.2506	-0.1985
36	H	D	-0.2242	0.4807	-7.3779	-0.1889
36	H	E	-0.3116	0.4807	-22.2506	-0.2040
36	H	F	-0.2745	0.4807	-22.2506	-0.1554
36	H	G	-0.3355	0.4807	-22.2506	-0.2352
36	H	I	-0.3391	0.4807	-22.2506	-0.2400
36	H	K	-0.2958	0.4807	-22.2506	-0.1833
36	H	L	-0.3027	0.4807	-22.2506	-0.1923
36	H	M	-0.2528	0.4807	-22.2506	-0.1270
36	H	N	-0.1816	0.4807	-6.9629	-0.1359
36	H	P	-0.3483	0.4807	-8.9628	-0.3408
36	H	Q	-0.1357	0.4807	-5.5035	-0.0855
36	H	R	-0.2163	0.4807	-7.9628	-0.1747
36	H	S	-0.2588	0.4807	-22.2506	-0.1349
36	H	T	-0.2359	0.4807	-8.9628	-0.1936
36	H	V	-0.2955	0.4807	-22.2506	-0.1829
36	H	W	-0.2908	0.4807	-22.2506	-0.1767
36	H	Y	-0.1407	0.4807	-5.7930	-0.0902
37	T	A	-0.2236	0.2542	-7.3808	-0.1608
37	T	C	-0.3353	0.2542	-22.2535	-0.2077
37	T	D	-0.4150	0.2542	-22.2535	-0.3121
37	T	E	-0.3904	0.2542	-22.2535	-0.2798
37	T	F	-0.4067	0.2542	-22.2535	-0.3012
37	T	G	-0.3052	0.2542	-8.9656	-0.2570
37	T	H	-0.3870	0.2542	-22.2535	-0.2754
37	T	I	-0.2457	0.2542	-6.6438	-0.1947
37	T	K	-0.3826	0.2542	-22.2535	-0.2696
37	T	L	-0.3773	0.2542	-22.2535	-0.2627
37	T	M	-0.2713	0.2542	-7.9657	-0.2194
37	T	N	-0.3551	0.2542	-22.2535	-0.2336
37	T	P	-0.4638	0.2542	-22.2535	-0.3759
37	T	Q	-0.3646	0.2542	-22.2535	-0.2460
37	T	R	-0.3854	0.2542	-22.2535	-0.2733
37	T	S	-0.1954	0.2542	-8.9656	-0.1133
37	T	V	-0.2451	0.2542	-8.9656	-0.1784
37	T	W	-0.3318	0.2542	-8.9656	-0.2919
37	T	Y	-0.4082	0.2542	-22.2535	-0.3031
38	P	A	-0.2133	0.3787	-6.6438	-0.1672
38	P	C	-0.3256	0.3787	-22.2535	-0.2100
38	P	D	-0.3515	0.3787	-22.2535	-0.2439
38	P	E	-0.3353	0.3787	-22.2535	-0.2227
38	P	F	-0.2862	0.3787	-8.9656	-0.2472
38	P	G	-0.3073	0.3787	-22.2535	-0.1860
38	P	H	-0.3316	0.3787	-22.2535	-0.2179
38	P	I	-0.3371	0.3787	-22.2535	-0.2250
38	P	K	-0.3270	0.3787	-22.2535	-0.2118
38	P	L	-0.2636	0.3787	-6.9658	-0.2310
38	P	M	-0.2926	0.3787	-22.2535	-0.1668
38	P	N	-0.3197	0.3787	-22.2535	-0.2022
38	P	Q	-0.2535	0.3787	-8.9656	-0.2044
38	P	R	-0.3627	0.3787	-22.2535	-0.2586
38	P	S	-0.2072	0.3787	-5.5063	-0.1668
38	P	T	-0.2318	0.3787	-7.9657	-0.1827
38	P	V	-0.2925	0.3787	-22.2535	-0.1666
38	P	W	-0.3666	0.3787	-22.2535	-0.2636
38	P	Y	-0.3550	0.3787	-22.2535	-0.2485
39	L	A	-0.4003	0.2089	-22.2535	-0.2874
39	L	C	-0.3896	0.2089	-22.2535	-0.2733
39	L	D	-0.5219	0.2089	-22.2535	-0.4465
39	L	E	-0.4899	0.2089	-22.2535	-0.4047
39	L	F	-0.2528	0.2089	-6.3808	-0.2003
39	L	G	-0.4752	0.2089	-22.2535	-0.3854
39	L	H	-0.3749	0.2089	-8.9656	-0.3429
39	L	I	-0.1986	0.2089	-7.3808	-0.1226
39	L	K	-0.4890	0.2089	-22.2535	-0.4034
39	L	M	-0.2300	0.2089	-8.9656	-0.1531
39	L	N	-0.4682	0.2089	-22.2535	-0.3762
39	L	P	-0.4838	0.2089	-22.2535	-0.3966
39	L	Q	-0.4211	0.2089	-22.2535	-0.3146
39	L	R	-0.4127	0.2089	-8.9656	-0.3924
39	L	S	-0.4307	0.2089	-22.2535	-0.3272
39	L	T	-0.4035	0.2089	-22.2535	-0.2915
39	L	V	-0.3107	0.2089	-22.2535	-0.1701
39	L	W	-0.4330	0.2089	-22.2535	-0.3301
39	L	Y	-0.4259	0.2089	-22.2535	-0.3208
40	S	A	-0.1931	0.9504	-22.2535	-0.1054
40	S	C	-0.1707	0.9504	-7.9657	-0.1715
40	S	D	-0.2918	0.9504	-22.2535	-0.2346
40	S	E	-0.2650	0.9504	-22.2535	-0.1995
40	S	F	-0.2712	0.9504	-22.2535	-0.2076
40	S	G	-0.1192	0.9504	-5.9658	-0.1174
40	S	H	-0.2724	0.9504	-22.2535	-0.2092
40	S	I	-0.1903	0.9504	-5.7958	-0.2117
40	S	K	-0.2088	0.9504	-7.9657	-0.2214
40	S	L	-0.2706	0.9504	-22.2535	-0.2068
40	S	M	-0.2416	0.9504	-22.2535	-0.1689
40	S	N	-0.1267	0.9504	-4.8783	-0.1346
40	S	P	-0.3466	0.9504	-22.2535	-0.3063
40	S	Q	-0.2350	0.9504	-22.2535	-0.1603
40	S	R	-0.1924	0.9504	-3.7179	-0.2283
40	S	T	-0.1109	0.9504	-7.9657	-0.0932
40	S	V	-0.2486	0.9504	-22.2535	-0.1780
40	S	W	-0.2809	0.9504	-22.2535	-0.2203
40	S	Y	-0.2760	0.9504	-22.2535	-0.2139
41	K	A	-0.3104	0.1321	-22.2535	-0.1604
41	K	C	-0.3806	0.1321	-22.2535	-0.2523
41	K	D	-0.4194	0.1321	-22.2535	-0.3031
41	K	E	-0.2675	0.1321	-8.9656	-0.1930
41	K	F	-0.3815	0.1321	-22.2535	-0.2535
41	K	G	-0.3696	0.1321	-22.2535	-0.2379
41	K	H	-0.3205	0.1321	-22.2535	-0.1736
41	K	I	-0.3487	0.1321	-22.2535	-0.2106
41	K	L	-0.3475	0.1321	-22.2535	-0.2089
41	K	M	-0.3205	0.1321	-22.2535	-0.1736
41	K	N	-0.2558	0.1321	-7.9657	-0.1843
41	K	P	-0.4847	0.1321	-22.2535	-0.3886
41	K	Q	-0.2337	0.1321	-7.3808	-0.1594
41	K	R	-0.1762	0.1321	-8.9656	-0.0735
41	K	S	-0.3206	0.1321	-22.2535	-0.1737
41	K	T	-0.3324	0.1321	-22.2535	-0.1892
41	K	V	-0.3326	0.1321	-22.2535	-0.1895
41	K	W	-0.3905	0.1321	-22.2535	-0.2653
41	K	Y	-0.3664	0.1321	-22.2535	-0.2337
42	L	A	-0.4059	0.1489	-22.2535	-0.2874
42	L	C	-0.3951	0.1489	-22.2535	-0.2733
42	L	D	-0.5274	0.1489	-22.2535	-0.4465
42	L	E	-0.4955	0.1489	-22.2535	-0.4047
42	L	F	-0.3393	0.1489	-22.2535	-0.2003
42	L	G	-0.4807	0.1489	-22.2535	-0.3854
42	L	H	-0.4483	0.1489	-22.2535	-0.3429
42	L	I	-0.2071	0.1489	-7.9657	-0.1226
42	L	K	-0.4945	0.1489	-22.2535	-0.4034
42	L	M	-0.3033	0.1489	-22.2535	-0.1531
42	L	N	-0.4737	0.1489	-22.2535	-0.3762
42	L	P	-0.4134	0.1489	-7.3808	-0.3966
42	L	Q	-0.3588	0.1489	-8.9656	-0.3146
42	L	R	-0.4132	0.1489	-7.9657	-0.3924
42	L	S	-0.4363	0.1489	-22.2535	-0.3272
42	L	T	-0.4090	0.1489	-22.2535	-0.2915
42	L	V	-0.3163	0.1489	-22.2535	-0.1701
42	L	W	-0.4385	0.1489	-22.2535	-0.3301
42	L	Y	-0.4314	0.1489	-22.2535	-0.3208
43	M	A	-0.3781	0.2576	-22.2535	-0.2641
43	M	C	-0.3836	0.2576	-22.2535	-0.2713
43	M	D	-0.4895	0.2576	-22.2535	-0.4100
43	M	E	-0.4797	0.2576	-22.2535	-0.3972
43	M	F	-0.3831	0.2576	-22.2535	-0.2707
43	M	G	-0.4590	0.2576	-22.2535	-0.3700
43	M	H	-0.4363	0.2576	-22.2535	-0.3404
43	M	I	-0.2143	0.2576	-6.3808	-0.1558
43	M	K	-0.3677	0.2576	-7.9657	-0.3460
43	M	L	-0.1865	0.2576	-7.3808	-0.1126
43	M	N	-0.4312	0.2576	-22.2535	-0.3336
43	M	P	-0.5490	0.2576	-22.2535	-0.4879
43	M	Q	-0.4232	0.2576	-22.2535	-0.3232
43	M	R	-0.4001	0.2576	-8.9656	-0.3817
43	M	S	-0.4095	0.2576	-22.2535	-0.3052
43	M	T	-0.2733	0.2576	-7.3808	-0.2263
43	M	V	-0.3274	0.2576	-22.2535	-0.1978
43	M	W	-0.4459	0.2576	-22.2535	-0.3529
43	M	Y	-0.4254	0.2576	-22.2535	-0.3261
44	K	A	-0.2646	0.6296	-22.2535	-0.1604
44	K	C	-0.3348	0.6296	-22.2535	-0.2523
44	K	D	-0.3736	0.6296	-22.2535	-0.3031
44	K	E	-0.2217	0.6296	-8.9656	-0.1930
44	K	F	-0.3357	0.6296	-22.2535	-0.2535
44	K	G	-0.3238	0.6296	-22.2535	-0.2379
44	K	H	-0.2747	0.6296	-22.2535	-0.1736
44	K	I	-0.3030	0.6296	-22.2535	-0.2106
44	K	L	-0.3017	0.6296	-22.2535	-0.2089
44	K	M	-0.2747	0.6296	-22.2535	-0.1736
44	K	N	-0.1927	0.6296	-4.5735	-0.1843
44	K	P	-0.4389	0.6296	-22.2535	-0.3886
44	K	Q	-0.1829	0.6296	-6.3808	-0.1594
44	K	R	-0.1186	0.6296	-6.6438	-0.0735
44	K	S	-0.1951	0.6296	-6.6438	-0.1737
44	K	T	-0.2045	0.6296	-6.1584	-0.1892
44	K	V	-0.2869	0.6296	-22.2535	-0.1895
44	K	W	-0.3448	0.6296	-22.2535	-0.2653
44	K	Y	-0.3206	0.6296	-22.2535	-0.2337
45	A	C	-0.3176	0.2506	-22.2448	-0.1841
45	A	D	-0.3993	0.2506	-22.2448	-0.2911
45	A	E	-0.3849	0.2506	-22.2448	-0.2723
45	A	F	-0.3677	0.2506	-22.2448	-0.2497
45	A	G	-0.3111	0.2506	-22.2448	-0.1756
45	A	H	-0.3718	0.2506	-22.2448	-0.2551
45	A	I	-0.3572	0.2506	-22.2448	-0.2360
45	A	K	-0.3896	0.2506	-22.2448	-0.2784
45	A	L	-0.3619	0.2506	-22.2448	-0.2422
45	A	M	-0.3207	0.2506	-22.2448	-0.1882
45	A	N	-0.3697	0.2506	-22.2448	-0.2523
45	A	P	-0.3661	0.2506	-7.9570	-0.3431
45	A	Q	-0.3671	0.2506	-22.2448	-0.2490
45	A	R	-0.4003	0.2506	-22.2448	-0.2924
45	A	S	-0.2823	0.2506	-22.2448	-0.1379
45	A	T	-0.2051	0.2506	-5.9571	-0.1457
45	A	V	-0.2043	0.2506	-6.3721	-0.1418
45	A	W	-0.3786	0.2506	-22.2448	-0.2640
45	A	Y	-0.3868	0.2506	-22.2448	-0.2748
46	Y	A	-0.4346	0.1894	-22.2419	-0.3300
46	Y	C	-0.3243	0.1894	-6.3692	-0.2916
46	Y	D	-0.4488	0.1894	-22.2419	-0.3486
46	Y	E	-0.4775	0.1894	-22.2419	-0.3862
46	Y	F	-0.1963	0.1894	-7.3692	-0.1173
46	Y	G	-0.5052	0.1894	-22.2419	-0.4224
46	Y	H	-0.2745	0.1894	-8.9541	-0.2092
46	Y	I	-0.4467	0.1894	-22.2419	-0.3458
46	Y	K	-0.5028	0.1894	-22.2419	-0.4193
46	Y	L	-0.4238	0.1894	-22.2419	-0.3158
46	Y	M	-0.3759	0.1894	-22.2419	-0.2531
46	Y	N	-0.4278	0.1894	-22.2419	-0.3211
46	Y	P	-0.5588	0.1894	-22.2419	-0.4926
46	Y	Q	-0.4523	0.1894	-22.2419	-0.3532
46	Y	R	-0.4982	0.1894	-22.2419	-0.4132
46	Y	S	-0.3715	0.1894	-8.9541	-0.3362
46	Y	T	-0.4580	0.1894	-22.2419	-0.3606
46	Y	V	-0.4362	0.1894	-22.2419	-0.3321
46	Y	W	-0.3522	0.1894	-22.2419	-0.2221
47	C	A	-0.4790	0.1472	-22.2448	-0.3830
47	C	D	-0.5863	0.1472	-22.2448	-0.5234
47	C	E	-0.5739	0.1472	-22.2448	-0.5072
47	C	F	-0.4730	0.1472	-22.2448	-0.3751
47	C	G	-0.4036	0.1472	-8.9570	-0.3731
47	C	H	-0.5847	0.1472	-22.2448	-0.5214
47	C	I	-0.5028	0.1472	-22.2448	-0.4142
47	C	K	-0.5745	0.1472	-22.2448	-0.5080
47	C	L	-0.5359	0.1472	-22.2448	-0.4575
47	C	M	-0.5031	0.1472	-22.2448	-0.4146
47	C	N	-0.5287	0.1472	-22.2448	-0.4480
47	C	P	-0.5973	0.1472	-22.2448	-0.5379
47	C	Q	-0.5526	0.1472	-22.2448	-0.4794
47	C	R	-0.4634	0.1472	-8.9570	-0.4514
47	C	S	-0.3969	0.1472	-7.9570	-0.3709
47	C	T	-0.5044	0.1472	-22.2448	-0.4163
47	C	V	-0.5009	0.1472	-22.2448	-0.4117
47	C	W	-0.4761	0.1472	-22.2448	-0.3792
47	C	Y	-0.4043	0.1472	-6.9571	-0.3873
48	E	A	-0.2475	0.7950	-22.2419	-0.1580
48	E	C	-0.2372	0.7950	-6.6322	-0.2488
48	E	D	-0.1172	0.7950	-3.4306	-0.1131
48	E	F	-0.2267	0.7950	-8.9541	-0.2195
48	E	G	-0.2004	0.7950	-7.9541	-0.1917
48	E	H	-0.2858	0.7950	-22.2419	-0.2081
48	E	I	-0.2998	0.7950	-22.2419	-0.2265
48	E	K	-0.1936	0.7950	-7.3692	-0.1868
48	E	L	-0.3020	0.7950	-22.2419	-0.2293
48	E	M	-0.2508	0.7950	-22.2419	-0.1623
48	E	N	-0.2737	0.7950	-22.2419	-0.1923
48	E	P	-0.4045	0.7950	-22.2419	-0.3635
48	E	Q	-0.1353	0.7950	-5.6323	-0.1220
48	E	R	-0.3300	0.7950	-22.2419	-0.2660
48	E	S	-0.1932	0.7950	-8.9541	-0.1756
48	E	T	-0.2769	0.7950	-22.2419	-0.1964
48	E	V	-0.2607	0.7950	-22.2419	-0.1753
48	E	W	-0.3046	0.7950	-22.2419	-0.2327
48	E	Y	-0.2953	0.7950	-22.2419	-0.2206
49	R	A	-0.3734	0.3951	-22.2214	-0.2748
49	R	C	-0.3823	0.3951	-22.2214	-0.2864
49	R	D	-0.4645	0.3951	-22.2214	-0.3940
49	R	E	-0.4097	0.3951	-22.2214	-0.3223
49	R	F	-0.4056	0.3951	-22.2214	-0.3169
49	R	G	-0.3410	0.3951	-8.9336	-0.3211
49	R	H	-0.2754	0.3951	-8.9336	-0.2352
49	R	I	-0.4028	0.3951	-22.2214	-0.3133
49	R	K	-0.1959	0.3951	-8.9336	-0.1311
49	R	L	-0.3081	0.3951	-8.9336	-0.2780
49	R	M	-0.3417	0.3951	-22.2214	-0.2333
49	R	N	-0.3883	0.3951	-22.2214	-0.2943
49	R	P	-0.4358	0.3951	-6.6117	-0.4608
49	R	Q	-0.2599	0.3951	-4.9337	-0.2417
49	R	S	-0.3740	0.3951	-22.2214	-0.2755
49	R	T	-0.3783	0.3951	-22.2214	-0.2812
49	R	V	-0.3899	0.3951	-22.2214	-0.2964
49	R	W	-0.3233	0.3951	-8.9336	-0.2980
49	R	Y	-0.3949	0.3951	-22.2214	-0.3029
50	Q	A	-0.1588	0.5448	-4.4219	-0.1308
50	Q	C	-0.2959	0.5448	-22.2332	-0.1913
50	Q	D	-0.3363	0.5448	-22.2332	-0.2441
50	Q	E	-0.1870	0.5448	-8.9453	-0.1375
50	Q	F	-0.3040	0.5448	-22.2332	-0.2018
50	Q	G	-0.3204	0.5448	-22.2332	-0.2233
50	Q	H	-0.2508	0.5448	-22.2332	-0.1322
50	Q	I	-0.2853	0.5448	-22.2332	-0.1774
50	Q	K	-0.2100	0.5448	-7.9454	-0.1742
50	Q	L	-0.2687	0.5448	-22.2332	-0.1556
50	Q	M	-0.2396	0.5448	-22.2332	-0.1176
50	Q	N	-0.2654	0.5448	-22.2332	-0.1513
50	Q	P	-0.3555	0.5448	-8.9453	-0.3581
50	Q	R	-0.2034	0.5448	-6.9454	-0.1723
50	Q	S	-0.2003	0.5448	-8.9453	-0.1549
50	Q	T	-0.2052	0.5448	-7.9454	-0.1679
50	Q	V	-0.2074	0.5448	-6.9454	-0.1775
50	Q	W	-0.3033	0.5448	-22.2332	-0.2010
50	Q	Y	-0.3062	0.5448	-22.2332	-0.2048
51	G	A	-0.3659	0.1929	-22.2448	-0.2405
51	G	C	-0.4257	0.1929	-22.2448	-0.3187
51	G	D	-0.3503	0.1929	-7.3721	-0.3194
51	G	E	-0.4255	0.1929	-22.2448	-0.3185
51	G	F	-0.4638	0.1929	-22.2448	-0.3686
51	G	H	-0.4385	0.1929	-22.2448	-0.3355
51	G	I	-0.5095	0.1929	-22.2448	-0.4284
51	G	K	-0.4584	0.1929	-22.2448	-0.3616
51	G	L	-0.4777	0.1929	-22.2448	-0.3868
51	G	M	-0.4159	0.1929	-22.2448	-0.3059
51	G	N	-0.3587	0.1929	-8.9570	-0.3198
51	G	P	-0.5236	0.1929	-22.2448	-0.4469
51	G	Q	-0.4294	0.1929	-22.2448	-0.3236
51	G	R	-0.4425	0.1929	-22.2448	-0.3407
51	G	S	-0.2922	0.1929	-6.6352	-0.2482
51	G	T	-0.4487	0.1929	-22.2448	-0.3489
51	G	V	-0.3798	0.1929	-7.9570	-0.3541
51	G	W	-0.4636	0.1929	-22.2448	-0.3683
51	G	Y	-0.4642	0.1929	-22.2448	-0.3691
52	L	A	-0.3964	0.2515	-22.2448	-0.2874
52	L	C	-0.3856	0.2515	-22.2448	-0.2733
52	L	D	-0.5179	0.2515	-22.2448	-0.4465
52	L	E	-0.4860	0.2515	-22.2448	-0.4047
52	L	F	-0.2540	0.2515	-7.3721	-0.2003
52	L	G	-0.4712	0.2515	-22.2448	-0.3854
52	L	H	-0.4388	0.2515	-22.2448	-0.3429
52	L	I	-0.2705	0.2515	-22.2448	-0.1226
52	L	K	-0.4850	0.2515	-22.2448	-0.4034
52	L	M	-0.2209	0.2515	-7.9570	-0.1531
52	L	N	-0.4642	0.2515	-22.2448	-0.3762
52	L	P	-0.4798	0.2515	-22.2448	-0.3966
52	L	Q	-0.3443	0.2515	-7.9570	-0.3146
52	L	R	-0.4088	0.2515	-8.9570	-0.3924
52	L	S	-0.4268	0.2515	-22.2448	-0.3272
52	L	T	-0.3995	0.2515	-22.2448	-0.2915
52	L	V	-0.2271	0.2515	-6.6352	-0.1701
52	L	W	-0.3612	0.2515	-8.9570	-0.3301
52	L	Y	-0.4219	0.2515	-22.2448	-0.3208
53	S	A	-0.1148	0.8582	-5.2538	-0.1054
53	S	C	-0.2520	0.8582	-22.2419	-0.1715
53	S	D	-0.3002	0.8582	-22.2419	-0.2346
53	S	E	-0.2056	0.8582	-8.9541	-0.1995
53	S	F	-0.2796	0.8582	-22.2419	-0.2076
53	S	G	-0.2107	0.8582	-22.2419	-0.1174
53	S	H	-0.2808	0.8582	-22.2419	-0.2092
53	S	I	-0.2827	0.8582	-22.2419	-0.2117
53	S	K	-0.2142	0.8582	-7.3692	-0.2214
53	S	L	-0.1993	0.8582	-6.6322	-0.2068
53	S	M	-0.2500	0.8582	-22.2419	-0.1689
53	S	N	-0.1479	0.8582	-7.3692	-0.1346
53	S	P	-0.2753	0.8582	-6.6322	-0.3063
53	S	Q	-0.1603	0.8582	-5.9542	-0.1603
53	S	R	-0.2276	0.8582	-8.9541	-0.2283
53	S	T	-0.1016	0.8582	-4.4948	-0.0932
53	S	V	-0.2570	0.8582	-22.2419	-0.1780
53	S	W	-0.2893	0.8582	-22.2419	-0.2203
53	S	Y	-0.2844	0.8582	-22.2419	-0.2139
54	M	A	-0.2915	1.1978	-22.2390	-0.2641
54	M	C	-0.2970	1.1978	-22.2390	-0.2713
54	M	D	-0.4029	1.1978	-22.2390	-0.4100
54	M	E	-0.3253	1.1978	-8.9511	-0.3972
54	M	F	-0.2965	1.1978	-22.2390	-0.2707
54	M	G	-0.3724	1.1978	-22.2390	-0.3700
54	M	H	-0.3498	1.1978	-22.2390	-0.3404
54	M	I	-0.1082	1.1978	-2.5250	-0.1558
54	M	K	-0.2862	1.1978	-8.9511	-0.3460
54	M	L	-0.0918	1.1978	-5.7813	-0.1126
54	M	N	-0.3446	1.1978	-22.2390	-0.3336
54	M	P	-0.3946	1.1978	-8.9511	-0.4879
54	M	Q	-0.3366	1.1978	-22.2390	-0.3232
54	M	R	-0.3054	1.1978	-7.3663	-0.3817
54	M	S	-0.3229	1.1978	-22.2390	-0.3052
54	M	T	-0.1867	1.1978	-7.3663	-0.2263
54	M	V	-0.1514	1.1978	-4.7034	-0.1978
54	M	W	-0.3593	1.1978	-22.2390	-0.3529
54	M	Y	-0.2710	1.1978	-8.9511	-0.3261
55	R	A	-0.2518	0.8376	-6.3750	-0.2748
55	R	C	-0.3417	0.8376	-22.2477	-0.2864
55	R	D	-0.4239	0.8376	-22.2477	-0.3940
55	R	E	-0.3013	0.8376	-8.9599	-0.3223
55	R	F	-0.3650	0.8376	-22.2477	-0.3169
55	R	G	-0.2872	0.8376	-6.3750	-0.3211
55	R	H	-0.2348	0.8376	-8.9599	-0.2352
55	R	I	-0.3623	0.8376	-22.2477	-0.3133
55	R	K	-0.1364	0.8376	-5.2596	-0.1311
55	R	L	-0.3353	0.8376	-22.2477	-0.2780
55	R	M	-0.2333	0.8376	-8.9599	-0.2333
55	R	N	-0.2748	0.8376	-7.9599	-0.2943
55	R	P	-0.4749	0.8376	-22.2477	-0.4608
55	R	Q	-0.2177	0.8376	-4.6381	-0.2417
55	R	S	-0.2605	0.8376	-7.9599	-0.2755
55	R	T	-0.2581	0.8376	-6.6381	-0.2812
55	R	V	-0.3493	0.8376	-22.2477	-0.2964
55	R	W	-0.2828	0.8376	-8.9599	-0.2980
55	R	Y	-0.3543	0.8376	-22.2477	-0.3029
56	Q	A	-0.1476	0.7626	-6.1555	-0.1308
56	Q	C	-0.2760	0.7626	-22.2506	-0.1913
56	Q	D	-0.3163	0.7626	-22.2506	-0.2441
56	Q	E	-0.1671	0.7626	-8.9628	-0.1375
56	Q	F	-0.2840	0.7626	-22.2506	-0.2018
56	Q	G	-0.2326	0.7626	-8.9628	-0.2233
56	Q	H	-0.1477	0.7626	-5.9629	-0.1322
56	Q	I	-0.2654	0.7626	-22.2506	-0.1774
56	Q	K	-0.2629	0.7626	-22.2506	-0.1742
56	Q	L	-0.1707	0.7626	-6.9629	-0.1556
56	Q	M	-0.1519	0.7626	-8.9628	-0.1176
56	Q	N	-0.1658	0.7626	-6.6409	-0.1513
56	Q	P	-0.3305	0.7626	-7.9628	-0.3581
56	Q	R	-0.2615	0.7626	-22.2506	-0.1723
56	Q	S	-0.1753	0.7626	-7.9628	-0.1549
56	Q	T	-0.2581	0.7626	-22.2506	-0.1679
56	Q	V	-0.1772	0.7626	-4.9629	-0.1775
56	Q	W	-0.2834	0.7626	-22.2506	-0.2010
56	Q	Y	-0.2104	0.7626	-7.3779	-0.2048
57	I	A	-0.3699	0.6137	-22.2506	-0.2963
57	I	C	-0.3499	0.6137	-22.2506	-0.2701
57	I	D	-0.4939	0.6137	-22.2506	-0.4587
57	I	E	-0.4748	0.6137	-22.2506	-0.4337
57	I	F	-0.2631	0.6137	-8.9628	-0.2452
57	I	G	-0.4606	0.6137	-22.2506	-0.4150
57	I	H	-0.4605	0.6137	-22.2506	-0.4149
57	I	K	-0.4674	0.6137	-22.2506	-0.4239
57	I	L	-0.1822	0.6137	-7.9628	-0.1460
57	I	M	-0.1811	0.6137	-6.6409	-0.1534
57	I	N	-0.3341	0.6137	-7.9628	-0.3449
57	I	P	-0.5139	0.6137	-22.2506	-0.4849
57	I	Q	-0.4346	0.6137	-22.2506	-0.3810
57	I	R	-0.4942	0.6137	-22.2506	-0.4590
57	I	S	-0.3426	0.6137	-8.9628	-0.3494
57	I	T	-0.2544	0.6137	-7.9628	-0.2405
57	I	V	-0.1208	0.6137	-3.7534	-0.0938
57	I	W	-0.4198	0.6137	-22.2506	-0.3616
57	I	Y	-0.4286	0.6137	-22.2506	-0.3732
58	R	A	-0.3833	0.2896	-22.2506	-0.2748
58	R	C	-0.3921	0.2896	-22.2506	-0.2864
58	R	D	-0.4743	0.2896	-22.2506	-0.3940
58	R	E	-0.4196	0.2896	-22.2506	-0.3223
58	R	F	-0.4154	0.2896	-22.2506	-0.3169
58	R	G	-0.3428	0.2896	-7.3779	-0.3211
58	R	H	-0.3530	0.2896	-22.2506	-0.2352
58	R	I	-0.3398	0.2896	-7.9628	-0.3133
58	R	K	-0.2006	0.2896	-7.9628	-0.1311
58	R	L	-0.3857	0.2896	-22.2506	-0.2780
58	R	M	-0.2719	0.2896	-6.6409	-0.2333
58	R	N	-0.3982	0.2896	-22.2506	-0.2943
58	R	P	-0.5254	0.2896	-22.2506	-0.4608
58	R	Q	-0.3580	0.2896	-22.2506	-0.2417
58	R	S	-0.3838	0.2896	-22.2506	-0.2755
58	R	T	-0.3085	0.2896	-6.6409	-0.2812
58	R	V	-0.3998	0.2896	-22.2506	-0.2964
58	R	W	-0.4010	0.2896	-22.2506	-0.2980
58	R	Y	-0.4047	0.2896	-22.2506	-0.3029
59	F	A	-0.3640	0.1904	-8.9656	-0.3264
59	F	C	-0.3322	0.1904	-8.9656	-0.2847
59	F	D	-0.5548	0.1904	-22.2535	-0.4874
59	F	E	-0.5242	0.1904	-22.2535	-0.4473
59	F	G	-0.4672	0.1904	-22.2535	-0.3727
59	F	H	-0.4594	0.1904	-22.2535	-0.3625
59	F	I	-0.3758	0.1904	-22.2535	-0.2530
59	F	K	-0.5311	0.1904	-22.2535	-0.4563
59	F	L	-0.2620	0.1904	-7.3808	-0.2034
59	F	M	-0.3689	0.1904	-22.2535	-0.2440
59	F	N	-0.4845	0.1904	-22.2535	-0.3953
59	F	P	-0.5552	0.1904	-22.2535	-0.4879
59	F	Q	-0.4865	0.1904	-22.2535	-0.3980
59	F	R	-0.5324	0.1904	-22.2535	-0.4581
59	F	S	-0.3379	0.1904	-7.9657	-0.2989
59	F	T	-0.4571	0.1904	-22.2535	-0.3595
59	F	V	-0.2972	0.1904	-7.9657	-0.2456
59	F	W	-0.3554	0.1904	-22.2535	-0.2263
59	F	Y	-0.2559	0.1904	-8.9656	-0.1848
60	R	A	-0.3553	0.5934	-22.2419	-0.2748
60	R	C	-0.3642	0.5934	-22.2419	-0.2864
60	R	D	-0.4463	0.5934	-22.2419	-0.3940
60	R	E	-0.3238	0.5934	-8.9541	-0.3223
60	R	F	-0.3874	0.5934	-22.2419	-0.3169
60	R	G	-0.3148	0.5934	-7.3692	-0.3211
60	R	H	-0.3250	0.5934	-22.2419	-0.2352
60	R	I	-0.3847	0.5934	-22.2419	-0.3133
60	R	K	-0.1777	0.5934	-8.9541	-0.1311
60	R	L	-0.2730	0.5934	-5.6323	-0.2780
60	R	M	-0.2558	0.5934	-8.9541	-0.2333
60	R	N	-0.3702	0.5934	-22.2419	-0.2943
60	R	P	-0.4193	0.5934	-6.9542	-0.4608
60	R	Q	-0.2391	0.5934	-4.4306	-0.2417
60	R	S	-0.3558	0.5934	-22.2419	-0.2755
60	R	T	-0.3602	0.5934	-22.2419	-0.2812
60	R	V	-0.3718	0.5934	-22.2419	-0.2964
60	R	W	-0.3730	0.5934	-22.2419	-0.2980
60	R	Y	-0.3768	0.5934	-22.2419	-0.3029
61	F	A	-0.4357	0.1489	-22.2535	-0.3264
61	F	C	-0.3309	0.1489	-7.9657	-0.2847
61	F	D	-0.5586	0.1489	-22.2535	-0.4874
61	F	E	-0.5280	0.1489	-22.2535	-0.4473
61	F	G	-0.4710	0.1489	-22.2535	-0.3727
61	F	H	-0.4632	0.1489	-22.2535	-0.3625
61	F	I	-0.3796	0.1489	-22.2535	-0.2530
61	F	K	-0.5349	0.1489	-22.2535	-0.4563
61	F	L	-0.2658	0.1489	-7.3808	-0.2034
61	F	M	-0.3727	0.1489	-22.2535	-0.2440
61	F	N	-0.4883	0.1489	-22.2535	-0.3953
61	F	P	-0.5590	0.1489	-22.2535	-0.4879
61	F	Q	-0.4903	0.1489	-22.2535	-0.3980
61	F	R	-0.5363	0.1489	-22.2535	-0.4581
61	F	S	-0.4147	0.1489	-22.2535	-0.2989
61	F	T	-0.4609	0.1489	-22.2535	-0.3595
61	F	V	-0.3010	0.1489	-7.9657	-0.2456
61	F	W	-0.3592	0.1489	-22.2535	-0.2263
61	F	Y	-0.2597	0.1489	-8.9656	-0.1848
62	D	A	-0.3273	0.2335	-22.2535	-0.1947
62	D	C	-0.3688	0.2335	-22.2535	-0.2490
62	D	E	-0.1926	0.2335	-6.6438	-0.1226
62	D	F	-0.4274	0.2335	-22.2535	-0.3258
62	D	G	-0.2655	0.2335	-7.9657	-0.2093
62	D	H	-0.2607	0.2335	-7.3808	-0.2069
62	D	I	-0.4196	0.2335	-22.2535	-0.3156
62	D	K	-0.3980	0.2335	-22.2535	-0.2873
62	D	L	-0.4133	0.2335	-22.2535	-0.3073
62	D	M	-0.3520	0.2335	-22.2535	-0.2271
62	D	N	-0.2262	0.2335	-8.9656	-0.1511
62	D	P	-0.3964	0.2335	-8.9656	-0.3740
62	D	Q	-0.3542	0.2335	-22.2535	-0.2300
62	D	R	-0.4290	0.2335	-22.2535	-0.3279
62	D	S	-0.3337	0.2335	-22.2535	-0.2031
62	D	T	-0.3637	0.2335	-22.2535	-0.2424
62	D	V	-0.3065	0.2335	-8.9656	-0.2563
62	D	W	-0.4079	0.2335	-22.2535	-0.3002
62	D	Y	-0.3723	0.2335	-22.2535	-0.2536
63	G	A	-0.3534	0.3291	-22.2506	-0.2405
63	G	C	-0.4132	0.3291	-22.2506	-0.3187
63	G	D	-0.4137	0.3291	-22.2506	-0.3194
63	G	E	-0.3334	0.3291	-6.6409	-0.3185
63	G	F	-0.4513	0.3291	-22.2506	-0.3686
63	G	H	-0.4260	0.3291	-22.2506	-0.3355
63	G	I	-0.4970	0.3291	-22.2506	-0.4284
63	G	K	-0.3730	0.3291	-7.9628	-0.3616
63	G	L	-0.4652	0.3291	-22.2506	-0.3868
63	G	M	-0.4034	0.3291	-22.2506	-0.3059
63	G	N	-0.4140	0.3291	-22.2506	-0.3198
63	G	P	-0.5111	0.3291	-22.2506	-0.4469
63	G	Q	-0.3440	0.3291	-7.9628	-0.3236
63	G	R	-0.3445	0.3291	-5.5035	-0.3407
63	G	S	-0.3593	0.3291	-22.2506	-0.2482
63	G	T	-0.4362	0.3291	-22.2506	-0.3489
63	G	V	-0.4402	0.3291	-22.2506	-0.3541
63	G	W	-0.3833	0.3291	-8.9628	-0.3683
63	G	Y	-0.4517	0.3291	-22.2506	-0.3691
64	Q	A	-0.2033	0.3126	-8.9599	-0.1308
64	Q	C	-0.3174	0.3126	-22.2477	-0.1913
64	Q	D	-0.3577	0.3126	-22.2477	-0.2441
64	Q	E	-0.1983	0.3126	-6.9600	-0.1375
64	Q	F	-0.3254	0.3126	-22.2477	-0.2018
64	Q	G	-0.3418	0.3126	-22.2477	-0.2233
64	Q	H	-0.1963	0.3126	-7.3750	-0.1322
64	Q	I	-0.2389	0.3126	-8.9599	-0.1774
64	Q	K	-0.2365	0.3126	-8.9599	-0.1742
64	Q	L	-0.2223	0.3126	-8.9599	-0.1556
64	Q	M	-0.2611	0.3126	-22.2477	-0.1176
64	Q	N	-0.2088	0.3126	-6.9600	-0.1513
64	Q	P	-0.4448	0.3126	-22.2477	-0.3581
64	Q	R	-0.2350	0.3126	-8.9599	-0.1723
64	Q	S	-0.2218	0.3126	-8.9599	-0.1549
64	Q	T	-0.2995	0.3126	-22.2477	-0.1679
64	Q	V	-0.3068	0.3126	-22.2477	-0.1775
64	Q	W	-0.3248	0.3126	-22.2477	-0.2010
64	Q	Y	-0.3277	0.3126	-22.2477	-0.2048
65	P	A	-0.2308	0.2287	-7.3808	-0.1672
65	P	C	-0.3394	0.2287	-22.2535	-0.2100
65	P	D	-0.3653	0.2287	-22.2535	-0.2439
65	P	E	-0.3491	0.2287	-22.2535	-0.2227
65	P	F	-0.3678	0.2287	-22.2535	-0.2472
65	P	G	-0.3211	0.2287	-22.2535	-0.1860
65	P	H	-0.3454	0.2287	-22.2535	-0.2179
65	P	I	-0.3509	0.2287	-22.2535	-0.2250
65	P	K	-0.3408	0.2287	-22.2535	-0.2118
65	P	L	-0.2876	0.2287	-8.9656	-0.2310
65	P	M	-0.3064	0.2287	-22.2535	-0.1668
65	P	N	-0.3334	0.2287	-22.2535	-0.2022
65	P	Q	-0.2571	0.2287	-6.9658	-0.2044
65	P	R	-0.3765	0.2287	-22.2535	-0.2586
65	P	S	-0.2284	0.2287	-6.9658	-0.1668
65	P	T	-0.2507	0.2287	-8.9656	-0.1827
65	P	V	-0.3063	0.2287	-22.2535	-0.1666
65	P	W	-0.3803	0.2287	-22.2535	-0.2636
65	P	Y	-0.3688	0.2287	-22.2535	-0.2485
66	I	A	-0.3296	0.3145	-8.9656	-0.2963
66	I	C	-0.3774	0.3145	-22.2535	-0.2701
66	I	D	-0.5215	0.3145	-22.2535	-0.4587
66	I	E	-0.5024	0.3145	-22.2535	-0.4337
66	I	F	-0.2906	0.3145	-8.9656	-0.2452
66	I	G	-0.4881	0.3145	-22.2535	-0.4150
66	I	H	-0.4880	0.3145	-22.2535	-0.4149
66	I	K	-0.4949	0.3145	-22.2535	-0.4239
66	I	L	-0.2097	0.3145	-7.9657	-0.1460
66	I	M	-0.2103	0.3145	-6.9658	-0.1534
66	I	N	-0.4346	0.3145	-22.2535	-0.3449
66	I	P	-0.5415	0.3145	-22.2535	-0.4849
66	I	Q	-0.3943	0.3145	-8.9656	-0.3810
66	I	R	-0.5217	0.3145	-22.2535	-0.4590
66	I	S	-0.3702	0.3145	-8.9656	-0.3494
66	I	T	-0.2870	0.3145	-8.9656	-0.2405
66	I	V	-0.1606	0.3145	-6.1584	-0.0938
66	I	W	-0.4473	0.3145	-22.2535	-0.3616
66	I	Y	-0.4562	0.3145	-22.2535	-0.3732
67	N	A	-0.2146	0.5061	-8.9656	-0.1688
67	N	C	-0.3323	0.5061	-22.2535	-0.2341
67	N	D	-0.2856	0.5061	-22.2535	-0.1730
67	N	E	-0.3127	0.5061	-22.2535	-0.2085
67	N	F	-0.3395	0.5061	-22.2535	-0.2436
67	N	G	-0.2454	0.5061	-8.9656	-0.2091
67	N	H	-0.2874	0.5061	-22.2535	-0.1753
67	N	I	-0.3327	0.5061	-22.2535	-0.2346
67	N	K	-0.1989	0.5061	-5.2653	-0.1730
67	N	L	-0.3391	0.5061	-22.2535	-0.2430
67	N	M	-0.2933	0.5061	-22.2535	-0.1830
67	N	P	-0.4480	0.5061	-22.2535	-0.3856
67	N	Q	-0.2764	0.5061	-22.2535	-0.1609
67	N	R	-0.2500	0.5061	-8.9656	-0.2151
67	N	S	-0.1621	0.5061	-4.5735	-0.1294
67	N	T	-0.2341	0.5061	-8.9656	-0.1943
67	N	V	-0.3260	0.5061	-22.2535	-0.2259
67	N	W	-0.3447	0.5061	-22.2535	-0.2503
67	N	Y	-0.3231	0.5061	-22.2535	-0.2221
68	E	A	-0.2124	0.3520	-7.3808	-0.1580
68	E	C	-0.3577	0.3520	-22.2535	-0.2488
68	E	D	-0.1782	0.3520	-7.3808	-0.1131
68	E	F	-0.3353	0.3520	-22.2535	-0.2195
68	E	G	-0.2286	0.3520	-5.5063	-0.1917
68	E	H	-0.3266	0.3520	-22.2535	-0.2081
68	E	I	-0.3407	0.3520	-22.2535	-0.2265
68	E	K	-0.2344	0.3520	-7.3808	-0.1868
68	E	L	-0.3428	0.3520	-22.2535	-0.2293
68	E	M	-0.2916	0.3520	-22.2535	-0.1623
68	E	N	-0.3145	0.3520	-22.2535	-0.1923
68	E	P	-0.4453	0.3520	-22.2535	-0.3635
68	E	Q	-0.2608	0.3520	-22.2535	-0.1220
68	E	R	-0.3708	0.3520	-22.2535	-0.2660
68	E	S	-0.3018	0.3520	-22.2535	-0.1756
68	E	T	-0.2499	0.3520	-8.9656	-0.1964
68	E	V	-0.2337	0.3520	-8.9656	-0.1753
68	E	W	-0.3454	0.3520	-22.2535	-0.2327
68	E	Y	-0.3362	0.3520	-22.2535	-0.2206
69	T	A	-0.1402	0.9758	-4.0589	-0.1608
69	T	C	-0.2689	0.9758	-22.2535	-0.2077
69	T	D	-0.3487	0.9758	-22.2535	-0.3121
69	T	E	-0.2460	0.9758	-6.9658	-0.2798
69	T	F	-0.3403	0.9758	-22.2535	-0.3012
69	T	G	-0.2388	0.9758	-8.9656	-0.2570
69	T	H	-0.3206	0.9758	-22.2535	-0.2754
69	T	I	-0.1810	0.9758	-6.9658	-0.1947
69	T	K	-0.3162	0.9758	-22.2535	-0.2696
69	T	L	-0.2313	0.9758	-6.6438	-0.2627
69	T	M	-0.2778	0.9758	-22.2535	-0.2194
69	T	N	-0.2005	0.9758	-4.9658	-0.2336
69	T	P	-0.3296	0.9758	-8.9656	-0.3759
69	T	Q	-0.2982	0.9758	-22.2535	-0.2460
69	T	R	-0.2461	0.9758	-7.9657	-0.2733
69	T	S	-0.1120	0.9758	-5.6438	-0.1133
69	T	V	-0.1787	0.9758	-8.9656	-0.1784
69	T	W	-0.3332	0.9758	-22.2535	-0.2919
69	T	Y	-0.3418	0.9758	-22.2535	-0.3031
70	D	A	-0.3366	0.1321	-22.2535	-0.1947
70	D	C	-0.3781	0.1321	-22.2535	-0.2490
70	D	E	-0.2086	0.1321	-7.9657	-0.1226
70	D	F	-0.4367	0.1321	-22.2535	-0.3258
70	D	G	-0.2799	0.1321	-8.9656	-0.2093
70	D	H	-0.2700	0.1321	-7.3808	-0.2069
70	D	I	-0.4290	0.1321	-22.2535	-0.3156
70	D	K	-0.3395	0.1321	-8.9656	-0.2873
70	D	L	-0.4226	0.1321	-22.2535	-0.3073
70	D	M	-0.3614	0.1321	-22.2535	-0.2271
70	D	N	-0.3033	0.1321	-22.2535	-0.1511
70	D	P	-0.4736	0.1321	-22.2535	-0.3740
70	D	Q	-0.3636	0.1321	-22.2535	-0.2300
70	D	R	-0.4383	0.1321	-22.2535	-0.3279
70	D	S	-0.3430	0.1321	-22.2535	-0.2031
70	D	T	-0.3730	0.1321	-22.2535	-0.2424
70	D	V	-0.3837	0.1321	-22.2535	-0.2563
70	D	W	-0.4172	0.1321	-22.2535	-0.3002
70	D	Y	-0.3816	0.1321	-22.2535	-0.2536
71	T	A	-0.3026	0.2199	-22.2535	-0.1608
71	T	C	-0.3385	0.2199	-22.2535	-0.2077
71	T	D	-0.4182	0.2199	-22.2535	-0.3121
71	T	E	-0.3935	0.2199	-22.2535	-0.2798
71	T	F	-0.4099	0.2199	-22.2535	-0.3012
71	T	G	-0.3761	0.2199	-22.2535	-0.2570
71	T	H	-0.3902	0.2199	-22.2535	-0.2754
71	T	I	-0.2505	0.2199	-6.9658	-0.1947
71	T	K	-0.3128	0.2199	-7.9657	-0.2696
71	T	L	-0.3805	0.2199	-22.2535	-0.2627
71	T	M	-0.2796	0.2199	-8.9656	-0.2194
71	T	N	-0.3582	0.2199	-22.2535	-0.2336
71	T	P	-0.3991	0.2199	-8.9656	-0.3759
71	T	Q	-0.3677	0.2199	-22.2535	-0.2460
71	T	R	-0.3127	0.2199	-7.3808	-0.2733
71	T	S	-0.1985	0.2199	-8.9656	-0.1133
71	T	V	-0.3161	0.2199	-22.2535	-0.1784
71	T	W	-0.4028	0.2199	-22.2535	-0.2919
71	T	Y	-0.4113	0.2199	-22.2535	-0.3031
72	P	A	-0.2229	0.2742	-6.6438	-0.1672
72	P	C	-0.3352	0.2742	-22.2535	-0.2100
72	P	D	-0.3611	0.2742	-22.2535	-0.2439
72	P	E	-0.3449	0.2742	-22.2535	-0.2227
72	P	F	-0.3636	0.2742	-22.2535	-0.2472
72	P	G	-0.3169	0.2742	-22.2535	-0.1860
72	P	H	-0.3413	0.2742	-22.2535	-0.2179
72	P	I	-0.2789	0.2742	-8.9656	-0.2250
72	P	K	-0.3366	0.2742	-22.2535	-0.2118
72	P	L	-0.2733	0.2742	-6.9658	-0.2310
72	P	M	-0.3022	0.2742	-22.2535	-0.1668
72	P	N	-0.3293	0.2742	-22.2535	-0.2022
72	P	Q	-0.3309	0.2742	-22.2535	-0.2044
72	P	R	-0.3723	0.2742	-22.2535	-0.2586
72	P	S	-0.2263	0.2742	-7.3808	-0.1668
72	P	T	-0.2385	0.2742	-7.3808	-0.1827
72	P	V	-0.3021	0.2742	-22.2535	-0.1666
72	P	W	-0.3762	0.2742	-22.2535	-0.2636
72	P	Y	-0.3646	0.2742	-22.2535	-0.2485
73	A	C	-0.2613	0.8624	-22.2506	-0.1841
73	A	D	-0.3430	0.8624	-22.2506	-0.2911
73	A	E	-0.2465	0.8624	-6.1555	-0.2723
73	A	F	-0.3114	0.8624	-22.2506	-0.2497
73	A	G	-0.1819	0.8624	-7.9628	-0.1756
73	A	H	-0.2477	0.8624	-8.9628	-0.2551
73	A	I	-0.3009	0.8624	-22.2506	-0.2360
73	A	K	-0.3333	0.8624	-22.2506	-0.2784
73	A	L	-0.2379	0.8624	-8.9628	-0.2422
73	A	M	-0.2644	0.8624	-22.2506	-0.1882
73	A	N	-0.2375	0.8624	-7.3779	-0.2523
73	A	P	-0.3827	0.8624	-22.2506	-0.3431
73	A	Q	-0.2431	0.8624	-8.9628	-0.2490
73	A	R	-0.3440	0.8624	-22.2506	-0.2924
73	A	S	-0.1332	0.8624	-4.0560	-0.1379
73	A	T	-0.1421	0.8624	-4.6410	-0.1457
73	A	V	-0.1612	0.8624	-8.9628	-0.1418
73	A	W	-0.3223	0.8624	-22.2506	-0.2640
73	A	Y	-0.2628	0.8624	-8.9628	-0.2748
74	Q	A	-0.2172	0.8988	-22.2477	-0.1308
74	Q	C	-0.2634	0.8988	-22.2477	-0.1913
74	Q	D	-0.3038	0.8988	-22.2477	-0.2441
74	Q	E	-0.1464	0.8988	-7.3750	-0.1375
74	Q	F	-0.2715	0.8988	-22.2477	-0.2018
74	Q	G	-0.2057	0.8988	-6.1526	-0.2233
74	Q	H	-0.1373	0.8988	-6.3750	-0.1322
74	Q	I	-0.2528	0.8988	-22.2477	-0.1774
74	Q	K	-0.1664	0.8988	-5.7901	-0.1742
74	Q	L	-0.1603	0.8988	-7.3750	-0.1556
74	Q	M	-0.1275	0.8988	-6.6381	-0.1176
74	Q	N	-0.1600	0.8988	-7.9599	-0.1513
74	Q	P	-0.3230	0.8988	-8.9599	-0.3581
74	Q	R	-0.1811	0.8988	-8.9599	-0.1723
74	Q	S	-0.1479	0.8988	-5.0531	-0.1549
74	Q	T	-0.1646	0.8988	-6.3750	-0.1679
74	Q	V	-0.1851	0.8988	-8.9599	-0.1775
74	Q	W	-0.2708	0.8988	-22.2477	-0.2010
74	Q	Y	-0.2737	0.8988	-22.2477	-0.2048
75	L	A	-0.2855	0.6293	-7.3249	-0.2874
75	L	C	-0.3506	0.6293	-22.1976	-0.2733
75	L	D	-0.4151	0.6293	-8.9098	-0.4465
75	L	E	-0.4510	0.6293	-22.1976	-0.4047
75	L	F	-0.2168	0.6293	-6.9099	-0.2003
75	L	G	-0.4362	0.6293	-22.1976	-0.3854
75	L	H	-0.4038	0.6293	-22.1976	-0.3429
75	L	I	-0.2355	0.6293	-22.1976	-0.1226
75	L	K	-0.3822	0.6293	-8.9098	-0.4034
75	L	M	-0.1910	0.6293	-8.9098	-0.1531
75	L	N	-0.4292	0.6293	-22.1976	-0.3762
75	L	P	-0.4448	0.6293	-22.1976	-0.3966
75	L	Q	-0.3822	0.6293	-22.1976	-0.3146
75	L	R	-0.4416	0.6293	-22.1976	-0.3924
75	L	S	-0.3189	0.6293	-7.9098	-0.3272
75	L	T	-0.3645	0.6293	-22.1976	-0.2915
75	L	V	-0.1776	0.6293	-3.7400	-0.1701
75	L	W	-0.3262	0.6293	-8.9098	-0.3301
75	L	Y	-0.3869	0.6293	-22.1976	-0.3208
76	E	A	-0.1773	0.7603	-7.8486	-0.1580
76	E	C	-0.3195	0.7603	-22.1363	-0.2488
76	E	D	-0.1277	0.7603	-4.8486	-0.1131
76	E	F	-0.2971	0.7603	-22.1363	-0.2195
76	E	G	-0.1938	0.7603	-6.0413	-0.1917
76	E	H	-0.2155	0.7603	-7.8486	-0.2081
76	E	I	-0.3025	0.7603	-22.1363	-0.2265
76	E	K	-0.1874	0.7603	-5.5267	-0.1868
76	E	L	-0.3046	0.7603	-22.1363	-0.2293
76	E	M	-0.1856	0.7603	-8.8485	-0.1623
76	E	N	-0.2764	0.7603	-22.1363	-0.1923
76	E	P	-0.4071	0.7603	-22.1363	-0.3635
76	E	Q	-0.1498	0.7603	-7.8486	-0.1220
76	E	R	-0.2568	0.7603	-7.2636	-0.2660
76	E	S	-0.1907	0.7603	-7.8486	-0.1756
76	E	T	-0.2117	0.7603	-8.8485	-0.1964
76	E	V	-0.1956	0.7603	-8.8485	-0.1753
76	E	W	-0.3072	0.7603	-22.1363	-0.2327
76	E	Y	-0.2980	0.7603	-22.1363	-0.2206
77	M	A	-0.2634	0.7596	-8.8391	-0.2641
77	M	C	-0.3367	0.7596	-22.1269	-0.2713
77	M	D	-0.4427	0.7596	-22.1269	-0.4100
77	M	E	-0.4329	0.7596	-22.1269	-0.3972
77	M	F	-0.2685	0.7596	-8.8391	-0.2707
77	M	G	-0.3443	0.7596	-8.8391	-0.3700
77	M	H	-0.3895	0.7596	-22.1269	-0.3404
77	M	I	-0.1613	0.7596	-5.0318	-0.1558
77	M	K	-0.3158	0.7596	-6.8392	-0.3460
77	M	L	-0.1301	0.7596	-5.3798	-0.1126
77	M	N	-0.3843	0.7596	-22.1269	-0.3336
77	M	P	-0.5022	0.7596	-22.1269	-0.4879
77	M	Q	-0.3764	0.7596	-22.1269	-0.3232
77	M	R	-0.3430	0.7596	-6.8392	-0.3817
77	M	S	-0.3626	0.7596	-22.1269	-0.3052
77	M	T	-0.2346	0.7596	-8.8391	-0.2263
77	M	V	-0.1985	0.7596	-6.0318	-0.1978
77	M	W	-0.3232	0.7596	-7.2542	-0.3529
77	M	Y	-0.3786	0.7596	-22.1269	-0.3261
78	E	A	-0.1993	0.4860	-7.2256	-0.1580
78	E	C	-0.2768	0.4860	-8.8104	-0.2488
78	E	D	-0.1629	0.4860	-6.8105	-0.1131
78	E	F	-0.3222	0.4860	-22.0983	-0.2195
78	E	G	-0.2229	0.4860	-6.8105	-0.1917
78	E	H	-0.2457	0.4860	-8.8104	-0.2081
78	E	I	-0.3275	0.4860	-22.0983	-0.2265
78	E	K	-0.2213	0.4860	-7.2256	-0.1868
78	E	L	-0.3297	0.4860	-22.0983	-0.2293
78	E	M	-0.2785	0.4860	-22.0983	-0.1623
78	E	N	-0.2336	0.4860	-8.8104	-0.1923
78	E	P	-0.4322	0.4860	-22.0983	-0.3635
78	E	Q	-0.1681	0.4860	-6.4886	-0.1220
78	E	R	-0.3577	0.4860	-22.0983	-0.2660
78	E	S	-0.2209	0.4860	-8.8104	-0.1756
78	E	T	-0.3046	0.4860	-22.0983	-0.1964
78	E	V	-0.2206	0.4860	-8.8104	-0.1753
78	E	W	-0.3323	0.4860	-22.0983	-0.2327
78	E	Y	-0.2552	0.4860	-8.8104	-0.2206
79	D	A	-0.1780	0.9438	-5.8009	-0.1947
79	D	C	-0.3026	0.9438	-22.0886	-0.2490
79	D	E	-0.1139	0.9438	-4.0460	-0.1226
79	D	F	-0.3612	0.9438	-22.0886	-0.3258
79	D	G	-0.1942	0.9438	-6.8009	-0.2093
79	D	H	-0.1883	0.9438	-5.9935	-0.2069
79	D	I	-0.3534	0.9438	-22.0886	-0.3156
79	D	K	-0.3318	0.9438	-22.0886	-0.2873
79	D	L	-0.3471	0.9438	-22.0886	-0.3073
79	D	M	-0.2858	0.9438	-22.0886	-0.2271
79	D	N	-0.1456	0.9438	-5.9935	-0.1511
79	D	P	-0.3302	0.9438	-8.8008	-0.3740
79	D	Q	-0.2151	0.9438	-7.8008	-0.2300
79	D	R	-0.3628	0.9438	-22.0886	-0.3279
79	D	S	-0.1946	0.9438	-7.8008	-0.2031
79	D	T	-0.2246	0.9438	-7.8008	-0.2424
79	D	V	-0.2352	0.9438	-7.8008	-0.2563
79	D	W	-0.3417	0.9438	-22.0886	-0.3002
79	D	Y	-0.3061	0.9438	-22.0886	-0.2536
80	E	A	-0.2456	0.8075	-22.0854	-0.1580
80	E	C	-0.3149	0.8075	-22.0854	-0.2488
80	E	D	-0.1265	0.8075	-5.4757	-0.1131
80	E	F	-0.2925	0.8075	-22.0854	-0.2195
80	E	G	-0.1785	0.8075	-3.8908	-0.1917
80	E	H	-0.2160	0.8075	-8.7975	-0.2081
80	E	I	-0.2979	0.8075	-22.0854	-0.2265
80	E	K	-0.1854	0.8075	-5.9903	-0.1868
80	E	L	-0.3000	0.8075	-22.0854	-0.2293
80	E	M	-0.2489	0.8075	-22.0854	-0.1623
80	E	N	-0.1989	0.8075	-7.7976	-0.1923
80	E	P	-0.4025	0.8075	-22.0854	-0.3635
80	E	Q	-0.1503	0.8075	-8.7975	-0.1220
80	E	R	-0.2522	0.8075	-7.2127	-0.2660
80	E	S	-0.1861	0.8075	-7.7976	-0.1756
80	E	T	-0.2749	0.8075	-22.0854	-0.1964
80	E	V	-0.2588	0.8075	-22.0854	-0.1753
80	E	W	-0.3026	0.8075	-22.0854	-0.2327
80	E	Y	-0.2934	0.8075	-22.0854	-0.2206
81	D	A	-0.3209	0.2934	-22.0821	-0.1947
81	D	C	-0.3624	0.2934	-22.0821	-0.2490
81	D	E	-0.1929	0.2934	-7.7944	-0.1226
81	D	F	-0.4210	0.2934	-22.0821	-0.3258
81	D	G	-0.2591	0.2934	-7.7944	-0.2093
81	D	H	-0.2573	0.2934	-7.7944	-0.2069
81	D	I	-0.4132	0.2934	-22.0821	-0.3156
81	D	K	-0.3916	0.2934	-22.0821	-0.2873
81	D	L	-0.4069	0.2934	-22.0821	-0.3073
81	D	M	-0.3456	0.2934	-22.0821	-0.2271
81	D	N	-0.2147	0.2934	-7.7944	-0.1511
81	D	P	-0.4578	0.2934	-22.0821	-0.3740
81	D	Q	-0.3479	0.2934	-22.0821	-0.2300
81	D	R	-0.4226	0.2934	-22.0821	-0.3279
81	D	S	-0.2595	0.2934	-8.7943	-0.2031
81	D	T	-0.2895	0.2934	-8.7943	-0.2424
81	D	V	-0.2920	0.2934	-7.2094	-0.2563
81	D	W	-0.4015	0.2934	-22.0821	-0.3002
81	D	Y	-0.2981	0.2934	-8.7943	-0.2536
82	T	A	-0.1917	0.5129	-5.7944	-0.1608
82	T	C	-0.3106	0.5129	-22.0821	-0.2077
82	T	D	-0.3904	0.5129	-22.0821	-0.3121
82	T	E	-0.3657	0.5129	-22.0821	-0.2798
82	T	F	-0.3820	0.5129	-22.0821	-0.3012
82	T	G	-0.3483	0.5129	-22.0821	-0.2570
82	T	H	-0.3623	0.5129	-22.0821	-0.2754
82	T	I	-0.2186	0.5129	-5.9870	-0.1947
82	T	K	-0.2799	0.5129	-6.7944	-0.2696
82	T	L	-0.2848	0.5129	-8.7943	-0.2627
82	T	M	-0.2518	0.5129	-8.7943	-0.2194
82	T	N	-0.3304	0.5129	-22.0821	-0.2336
82	T	P	-0.4391	0.5129	-22.0821	-0.3759
82	T	Q	-0.3399	0.5129	-22.0821	-0.2460
82	T	R	-0.2878	0.5129	-7.7944	-0.2733
82	T	S	-0.1656	0.5129	-7.7944	-0.1133
82	T	V	-0.2153	0.5129	-7.7944	-0.1784
82	T	W	-0.3749	0.5129	-22.0821	-0.2919
82	T	Y	-0.3157	0.5129	-8.7943	-0.3031
83	I	A	-0.3914	0.3704	-22.0789	-0.2963
83	I	C	-0.3714	0.3704	-22.0789	-0.2701
83	I	D	-0.5154	0.3704	-22.0789	-0.4587
83	I	E	-0.4963	0.3704	-22.0789	-0.4337
83	I	F	-0.3524	0.3704	-22.0789	-0.2452
83	I	G	-0.4821	0.3704	-22.0789	-0.4150
83	I	H	-0.4820	0.3704	-22.0789	-0.4149
83	I	K	-0.4889	0.3704	-22.0789	-0.4239
83	I	L	-0.1986	0.3704	-6.7911	-0.1460
83	I	M	-0.2144	0.3704	-8.7910	-0.1534
83	I	N	-0.4285	0.3704	-22.0789	-0.3449
83	I	P	-0.5355	0.3704	-22.0789	-0.4849
83	I	Q	-0.4561	0.3704	-22.0789	-0.3810
83	I	R	-0.5157	0.3704	-22.0789	-0.4590
83	I	S	-0.3590	0.3704	-7.7911	-0.3494
83	I	T	-0.2648	0.3704	-5.6212	-0.2405
83	I	V	-0.1571	0.3704	-6.4692	-0.0938
83	I	W	-0.4413	0.3704	-22.0789	-0.3616
83	I	Y	-0.4501	0.3704	-22.0789	-0.3732
84	D	A	-0.2232	0.6178	-8.7812	-0.1947
84	D	C	-0.3325	0.6178	-22.0691	-0.2490
84	D	E	-0.1431	0.6178	-3.8745	-0.1226
84	D	F	-0.3911	0.6178	-22.0691	-0.3258
84	D	G	-0.2211	0.6178	-6.1964	-0.2093
84	D	H	-0.3003	0.6178	-22.0691	-0.2069
84	D	I	-0.3833	0.6178	-22.0691	-0.3156
84	D	K	-0.2939	0.6178	-8.7812	-0.2873
84	D	L	-0.3770	0.6178	-22.0691	-0.3073
84	D	M	-0.3157	0.6178	-22.0691	-0.2271
84	D	N	-0.1899	0.6178	-8.7812	-0.1511
84	D	P	-0.4279	0.6178	-22.0691	-0.3740
84	D	Q	-0.3179	0.6178	-22.0691	-0.2300
84	D	R	-0.3927	0.6178	-22.0691	-0.3279
84	D	S	-0.2296	0.6178	-8.7812	-0.2031
84	D	T	-0.2596	0.6178	-8.7812	-0.2424
84	D	V	-0.3380	0.6178	-22.0691	-0.2563
84	D	W	-0.3716	0.6178	-22.0691	-0.3002
84	D	Y	-0.2631	0.6178	-7.7813	-0.2536
85	V	A	-0.2436	0.2916	-6.4528	-0.1977
85	V	C	-0.3511	0.2916	-22.0625	-0.2342
85	V	D	-0.4220	0.2916	-8.7746	-0.4158
85	V	E	-0.4471	0.2916	-22.0625	-0.3599
85	V	F	-0.3326	0.2916	-8.7746	-0.2987
85	V	G	-0.3761	0.2916	-7.7747	-0.3624
85	V	H	-0.4928	0.2916	-22.0625	-0.4197
85	V	I	-0.2588	0.2916	-22.0625	-0.1133
85	V	K	-0.4861	0.2916	-22.0625	-0.4109
85	V	L	-0.2561	0.2916	-8.7746	-0.1985
85	V	M	-0.2533	0.2916	-6.4528	-0.2104
85	V	N	-0.4777	0.2916	-22.0625	-0.3999
85	V	P	-0.5276	0.2916	-22.0625	-0.4652
85	V	Q	-0.4578	0.2916	-22.0625	-0.3738
85	V	R	-0.5071	0.2916	-22.0625	-0.4384
85	V	S	-0.4269	0.2916	-22.0625	-0.3334
85	V	T	-0.3423	0.2916	-22.0625	-0.2226
85	V	W	-0.4410	0.2916	-22.0625	-0.3518
85	V	Y	-0.4439	0.2916	-22.0625	-0.3556
86	F	A	-0.4062	0.4584	-22.0625	-0.3264
86	F	C	-0.3744	0.4584	-22.0625	-0.2847
86	F	D	-0.5292	0.4584	-22.0625	-0.4874
86	F	E	-0.4986	0.4584	-22.0625	-0.4473
86	F	G	-0.4416	0.4584	-22.0625	-0.3727
86	F	H	-0.4338	0.4584	-22.0625	-0.3625
86	F	I	-0.2823	0.4584	-8.7746	-0.2530
86	F	K	-0.5054	0.4584	-22.0625	-0.4563
86	F	L	-0.2445	0.4584	-8.7746	-0.2034
86	F	M	-0.3433	0.4584	-22.0625	-0.2440
86	F	N	-0.4588	0.4584	-22.0625	-0.3953
86	F	P	-0.5296	0.4584	-22.0625	-0.4879
86	F	Q	-0.4609	0.4584	-22.0625	-0.3980
86	F	R	-0.5068	0.4584	-22.0625	-0.4581
86	F	S	-0.3174	0.4584	-8.7746	-0.2989
86	F	T	-0.4315	0.4584	-22.0625	-0.3595
86	F	V	-0.2767	0.4584	-8.7746	-0.2456
86	F	W	-0.2619	0.4584	-8.7746	-0.2263
86	F	Y	-0.2057	0.4584	-3.9674	-0.1848
87	Q	A	-0.2740	0.2710	-22.0592	-0.1308
87	Q	C	-0.3202	0.2710	-22.0592	-0.1913
87	Q	D	-0.3606	0.2710	-22.0592	-0.2441
87	Q	E	-0.2791	0.2710	-22.0592	-0.1375
87	Q	F	-0.3283	0.2710	-22.0592	-0.2018
87	Q	G	-0.3447	0.2710	-22.0592	-0.2233
87	Q	H	-0.2022	0.2710	-7.7714	-0.1322
87	Q	I	-0.3096	0.2710	-22.0592	-0.1774
87	Q	K	-0.3072	0.2710	-22.0592	-0.1742
87	Q	L	-0.2171	0.2710	-7.1865	-0.1556
87	Q	M	-0.2639	0.2710	-22.0592	-0.1176
87	Q	N	-0.2897	0.2710	-22.0592	-0.1513
87	Q	P	-0.4476	0.2710	-22.0592	-0.3581
87	Q	R	-0.2247	0.2710	-6.1865	-0.1723
87	Q	S	-0.2924	0.2710	-22.0592	-0.1549
87	Q	T	-0.2295	0.2710	-7.7714	-0.1679
87	Q	V	-0.2419	0.2710	-8.7714	-0.1775
87	Q	W	-0.3276	0.2710	-22.0592	-0.2010
87	Q	Y	-0.3305	0.2710	-22.0592	-0.2048
88	Q	A	-0.2665	0.3523	-22.0559	-0.1308
88	Q	C	-0.3127	0.3523	-22.0559	-0.1913
88	Q	D	-0.3531	0.3523	-22.0559	-0.2441
88	Q	E	-0.1936	0.3523	-6.7682	-0.1375
88	Q	F	-0.3208	0.3523	-22.0559	-0.2018
88	Q	G	-0.3372	0.3523	-22.0559	-0.2233
88	Q	H	-0.1917	0.3523	-7.1832	-0.1322
88	Q	I	-0.3021	0.3523	-22.0559	-0.1774
88	Q	K	-0.2268	0.3523	-7.7681	-0.1742
88	Q	L	-0.2855	0.3523	-22.0559	-0.1556
88	Q	M	-0.1886	0.3523	-8.7680	-0.1176
88	Q	N	-0.2822	0.3523	-22.0559	-0.1513
88	Q	P	-0.3723	0.3523	-8.7680	-0.3581
88	Q	R	-0.2223	0.3523	-7.1832	-0.1723
88	Q	S	-0.2171	0.3523	-8.7680	-0.1549
88	Q	T	-0.2949	0.3523	-22.0559	-0.1679
88	Q	V	-0.2344	0.3523	-8.7680	-0.1775
88	Q	W	-0.2523	0.3523	-8.7680	-0.2010
88	Q	Y	-0.3231	0.3523	-22.0559	-0.2048
89	Q	A	-0.2605	0.4171	-22.0459	-0.1308
89	Q	C	-0.2389	0.4171	-8.7581	-0.1913
89	Q	D	-0.3471	0.4171	-22.0459	-0.2441
89	Q	E	-0.1978	0.4171	-8.7581	-0.1375
89	Q	F	-0.2469	0.4171	-8.7581	-0.2018
89	Q	G	-0.2634	0.4171	-8.7581	-0.2233
89	Q	H	-0.1938	0.4171	-8.7581	-0.1322
89	Q	I	-0.2961	0.4171	-22.0459	-0.1774
89	Q	K	-0.2208	0.4171	-7.7582	-0.1742
89	Q	L	-0.2036	0.4171	-7.1732	-0.1556
89	Q	M	-0.2504	0.4171	-22.0459	-0.1176
89	Q	N	-0.2084	0.4171	-8.7581	-0.1513
89	Q	P	-0.3561	0.4171	-6.7582	-0.3581
89	Q	R	-0.2142	0.4171	-6.7582	-0.1723
89	Q	S	-0.2111	0.4171	-8.7581	-0.1549
89	Q	T	-0.2889	0.4171	-22.0459	-0.1679
89	Q	V	-0.2962	0.4171	-22.0459	-0.1775
89	Q	W	-0.3141	0.4171	-22.0459	-0.2010
89	Q	Y	-0.3170	0.4171	-22.0459	-0.2048
90	T	A	-0.1929	0.5210	-6.1799	-0.1608
90	T	C	-0.2419	0.5210	-8.7647	-0.2077
90	T	D	-0.3895	0.5210	-22.0526	-0.3121
90	T	E	-0.3648	0.5210	-22.0526	-0.2798
90	T	F	-0.3812	0.5210	-22.0526	-0.3012
90	T	G	-0.2796	0.5210	-8.7647	-0.2570
90	T	H	-0.3614	0.5210	-22.0526	-0.2754
90	T	I	-0.2218	0.5210	-6.7648	-0.1947
90	T	K	-0.2892	0.5210	-8.7647	-0.2696
90	T	L	-0.2839	0.5210	-8.7647	-0.2627
90	T	M	-0.2377	0.5210	-6.1799	-0.2194
90	T	N	-0.3295	0.5210	-22.0526	-0.2336
90	T	P	-0.4382	0.5210	-22.0526	-0.3759
90	T	Q	-0.3390	0.5210	-22.0526	-0.2460
90	T	R	-0.2839	0.5210	-7.1799	-0.2733
90	T	S	-0.1647	0.5210	-7.7648	-0.1133
90	T	V	-0.2144	0.5210	-7.7648	-0.1784
90	T	W	-0.3740	0.5210	-22.0526	-0.2919
90	T	Y	-0.3826	0.5210	-22.0526	-0.3031
91	G	A	-0.2573	0.4822	-6.1599	-0.2405
91	G	C	-0.3980	0.4822	-22.0326	-0.3187
91	G	D	-0.3985	0.4822	-22.0326	-0.3194
91	G	E	-0.3182	0.4822	-6.4229	-0.3185
91	G	F	-0.4361	0.4822	-22.0326	-0.3686
91	G	H	-0.3430	0.4822	-8.7447	-0.3355
91	G	I	-0.4818	0.4822	-22.0326	-0.4284
91	G	K	-0.4307	0.4822	-22.0326	-0.3616
91	G	L	-0.4500	0.4822	-22.0326	-0.3868
91	G	M	-0.3204	0.4822	-8.7447	-0.3059
91	G	N	-0.3310	0.4822	-8.7447	-0.3198
91	G	P	-0.4281	0.4822	-8.7447	-0.4469
91	G	Q	-0.3339	0.4822	-8.7447	-0.3236
91	G	R	-0.3327	0.4822	-5.9375	-0.3407
91	G	S	-0.2763	0.4822	-8.7447	-0.2482
91	G	T	-0.4210	0.4822	-22.0326	-0.3489
91	G	V	-0.4250	0.4822	-22.0326	-0.3541
91	G	W	-0.3681	0.4822	-8.7447	-0.3683
91	G	Y	-0.4365	0.4822	-22.0326	-0.3691
92	G	A	-0.2708	0.3656	-6.7176	-0.2405
92	G	C	-0.4086	0.3656	-22.0054	-0.3187
92	G	D	-0.3362	0.3656	-7.7176	-0.3194
92	G	E	-0.4084	0.3656	-22.0054	-0.3185
92	G	F	-0.4467	0.3656	-22.0054	-0.3686
92	G	H	-0.3536	0.3656	-8.7175	-0.3355
92	G	I	-0.4924	0.3656	-22.0054	-0.4284
92	G	K	-0.4413	0.3656	-22.0054	-0.3616
92	G	L	-0.4606	0.3656	-22.0054	-0.3868
92	G	M	-0.3988	0.3656	-22.0054	-0.3059
92	G	N	-0.3416	0.3656	-8.7175	-0.3198
92	G	P	-0.5065	0.3656	-22.0054	-0.4469
92	G	Q	-0.4123	0.3656	-22.0054	-0.3236
92	G	R	-0.4254	0.3656	-22.0054	-0.3407
92	G	S	-0.2707	0.3656	-5.5477	-0.2482
92	G	T	-0.3638	0.3656	-8.7175	-0.3489
92	G	V	-0.3678	0.3656	-8.7175	-0.3541
92	G	W	-0.4465	0.3656	-22.0054	-0.3683
92	G	Y	-0.4471	0.3656	-22.0054	-0.3691
93	V	A	-0.0433	2.2790	-3.0421	-0.1977
93	V	C	-0.0827	2.2790	-5.2900	-0.2342
93	V	D	-0.3045	2.2790	-21.5777	-0.4158
93	V	E	-0.2618	2.2790	-21.5777	-0.3599
93	V	F	-0.1354	2.2790	-5.9681	-0.2987
93	V	G	-0.1959	2.2790	-8.2899	-0.3624
93	V	H	-0.3075	2.2790	-21.5777	-0.4197
93	V	I	0.0113	2.2790	-4.9681	-0.1133
93	V	K	-0.3008	2.2790	-21.5777	-0.4109
93	V	L	-0.0454	2.2790	-3.3358	-0.1985
93	V	M	-0.0655	2.2790	-5.4827	-0.2104
93	V	N	-0.2924	2.2790	-21.5777	-0.3999
93	V	P	-0.2744	2.2790	-8.2899	-0.4652
93	V	Q	-0.2046	2.2790	-8.2899	-0.3738
93	V	R	-0.2540	2.2790	-8.2899	-0.4384
93	V	S	-0.1521	2.2790	-4.0421	-0.3334
93	V	T	-0.0697	2.2790	-4.4827	-0.2226
93	V	W	-0.1827	2.2790	-7.2900	-0.3518
93	V	Y	-0.2585	2.2790	-21.5777	-0.3556
94	P	A	0.0011	2.5293	-3.4094	-0.1672
94	P	C	-0.1147	2.5293	-19.6971	-0.2100
94	P	D	-0.1406	2.5293	-19.6971	-0.2439
94	P	E	-0.1244	2.5293	-19.6971	-0.2227
94	P	F	-0.0753	2.5293	-6.4093	-0.2472
94	P	G	-0.0234	2.5293	-5.4094	-0.1860
94	P	H	-0.1207	2.5293	-19.6971	-0.2179
94	P	I	-0.0583	2.5293	-6.4093	-0.2250
94	P	K	-0.0482	2.5293	-6.4093	-0.2118
94	P	L	-0.1307	2.5293	-19.6971	-0.2310
94	P	M	-0.0817	2.5293	-19.6971	-0.1668
94	P	N	-0.1087	2.5293	-19.6971	-0.2022
94	P	Q	-0.0345	2.5293	-4.8244	-0.2044
94	P	R	-0.0627	2.5293	-2.2395	-0.2586
94	P	S	0.0005	2.5293	-3.6020	-0.1668
94	P	T	-0.0260	2.5293	-6.4093	-0.1827
94	P	V	-0.0815	2.5293	-19.6971	-0.1666
94	P	W	-0.0760	2.5293	-4.0875	-0.2636
94	P	Y	-0.0763	2.5293	-6.4093	-0.2485
95	E	A	-0.0277	2.2404	-5.2288	-0.1580
95	E	C	-0.0971	2.2404	-5.2288	-0.2488
95	E	D	0.0158	2.2404	-3.4215	-0.1131
95	E	F	-0.1476	2.2404	-19.5166	-0.2195
95	E	G	-0.0534	2.2404	-5.2288	-0.1917
95	E	H	-0.1389	2.2404	-19.5166	-0.2081
95	E	I	-0.1529	2.2404	-19.5166	-0.2265
95	E	K	-0.0497	2.2404	-5.2288	-0.1868
95	E	L	-0.0873	2.2404	-6.2287	-0.2293
95	E	M	-0.1039	2.2404	-19.5166	-0.1623
95	E	N	-0.0590	2.2404	-6.2287	-0.1923
95	E	P	-0.2576	2.2404	-19.5166	-0.3635
95	E	Q	-0.0002	2.2404	-5.2288	-0.1220
95	E	R	-0.1153	2.2404	-6.2287	-0.2660
95	E	S	-0.0280	2.2404	-2.6439	-0.1756
95	E	T	-0.1299	2.2404	-19.5166	-0.1964
95	E	V	-0.0460	2.2404	-6.2287	-0.1753
95	E	W	-0.1577	2.2404	-19.5166	-0.2327
95	E	Y	-0.1484	2.2404	-19.5166	-0.2206
96	S	A	0.0404	2.4338	-3.2479	-0.1054
96	S	C	-0.0932	2.4338	-19.5357	-0.1715
96	S	D	-0.0736	2.4338	-6.2478	-0.2346
96	S	E	-0.1146	2.4338	-19.5357	-0.1995
96	S	F	-0.1208	2.4338	-19.5357	-0.2076
96	S	G	0.0261	2.4338	-4.2479	-0.1174
96	S	H	-0.1220	2.4338	-19.5357	-0.2092
96	S	I	-0.1239	2.4338	-19.5357	-0.2117
96	S	K	-0.0554	2.4338	-4.6630	-0.2214
96	S	L	-0.1202	2.4338	-19.5357	-0.2068
96	S	M	-0.0234	2.4338	-6.2478	-0.1689
96	S	N	0.0028	2.4338	-6.2478	-0.1346
96	S	P	-0.1284	2.4338	-6.2478	-0.3063
96	S	Q	-0.0847	2.4338	-19.5357	-0.1603
96	S	R	-0.0535	2.4338	-3.2479	-0.2283
96	S	T	0.0527	2.4338	-2.6630	-0.0932
96	S	V	-0.0982	2.4338	-19.5357	-0.1780
96	S	W	-0.0627	2.4338	-6.2478	-0.2203
96	S	Y	-0.1256	2.4338	-19.5357	-0.2139
97	S	A	0.0011	2.1664	-6.1292	-0.1054
97	S	C	-0.0494	2.1664	-6.1292	-0.1715
97	S	D	-0.1654	2.1664	-19.4170	-0.2346
97	S	E	-0.1386	2.1664	-19.4170	-0.1995
97	S	F	-0.1448	2.1664	-19.4170	-0.2076
97	S	G	0.0123	2.1664	-2.1293	-0.1174
97	S	H	-0.0782	2.1664	-6.1292	-0.2092
97	S	I	-0.0750	2.1664	-5.1293	-0.2117
97	S	K	-0.0875	2.1664	-6.1292	-0.2214
97	S	L	-0.0764	2.1664	-6.1292	-0.2068
97	S	M	-0.1152	2.1664	-19.4170	-0.1689
97	S	N	-0.0161	2.1664	-5.1293	-0.1346
97	S	P	-0.1524	2.1664	-6.1292	-0.3063
97	S	Q	-0.1087	2.1664	-19.4170	-0.1603
97	S	R	-0.0826	2.1664	-4.1293	-0.2283
97	S	T	0.0155	2.1664	-5.1293	-0.0932
97	S	V	-0.1222	2.1664	-19.4170	-0.1780
97	S	W	-0.1545	2.1664	-19.4170	-0.2203
97	S	Y	-0.1496	2.1664	-19.4170	-0.2139
98	L	A	-0.1153	2.3476	-4.9542	-0.2874
98	L	C	-0.0953	2.3476	-3.1469	-0.2733
98	L	D	-0.3097	2.3476	-19.2420	-0.4465
98	L	E	-0.2778	2.3476	-19.2420	-0.4047
98	L	F	-0.0539	2.3476	-5.9541	-0.2003
98	L	G	-0.2630	2.3476	-19.2420	-0.3854
98	L	H	-0.2306	2.3476	-19.2420	-0.3429
98	L	I	0.0106	2.3476	-4.9542	-0.1226
98	L	K	-0.2090	2.3476	-5.9541	-0.4034
98	L	M	-0.0856	2.3476	-19.2420	-0.1531
98	L	N	-0.2560	2.3476	-19.2420	-0.3762
98	L	P	-0.2038	2.3476	-5.9541	-0.3966
98	L	Q	-0.1412	2.3476	-5.9541	-0.3146
98	L	R	-0.2684	2.3476	-19.2420	-0.3924
98	L	S	-0.2186	2.3476	-19.2420	-0.3272
98	L	T	-0.1082	2.3476	-2.9542	-0.2915
98	L	V	-0.0227	2.3476	-4.3692	-0.1701
98	L	W	-0.1449	2.3476	-4.3692	-0.3301
98	L	Y	-0.2137	2.3476	-19.2420	-0.3208
99	A	C	-0.0720	2.7416	-19.0427	-0.1841
99	A	D	-0.1537	2.7416	-19.0427	-0.2911
99	A	E	-0.1394	2.7416	-19.0427	-0.2723
99	A	F	-0.0543	2.7416	-5.7548	-0.2497
99	A	G	0.0074	2.7416	-4.7549	-0.1756
99	A	H	-0.0584	2.7416	-5.7548	-0.2551
99	A	I	-0.0439	2.7416	-5.7548	-0.2360
99	A	K	-0.0631	2.7416	-3.1700	-0.2784
99	A	L	-0.0405	2.7416	-4.1699	-0.2422
99	A	M	-0.0752	2.7416	-19.0427	-0.1882
99	A	N	-0.1241	2.7416	-19.0427	-0.2523
99	A	P	-0.1206	2.7416	-4.7549	-0.3431
99	A	Q	-0.1216	2.7416	-19.0427	-0.2490
99	A	R	-0.1547	2.7416	-19.0427	-0.2924
99	A	S	0.0464	2.7416	-2.7549	-0.1379
99	A	T	0.0370	2.7416	-3.4330	-0.1457
99	A	V	0.0362	2.7416	-4.1699	-0.1418
99	A	W	-0.1331	2.7416	-19.0427	-0.2640
99	A	Y	-0.1413	2.7416	-19.0427	-0.2748
100	G	A	-0.2372	1.4111	-18.9882	-0.2405
100	G	C	-0.2292	1.4111	-5.7004	-0.3187
100	G	D	-0.2975	1.4111	-18.9882	-0.3194
100	G	E	-0.2968	1.4111	-18.9882	-0.3185
100	G	F	-0.3351	1.4111	-18.9882	-0.3686
100	G	H	-0.3098	1.4111	-18.9882	-0.3355
100	G	I	-0.3079	1.4111	-4.7004	-0.4284
100	G	K	-0.2619	1.4111	-5.7004	-0.3616
100	G	L	-0.2812	1.4111	-5.7004	-0.3868
100	G	M	-0.2872	1.4111	-18.9882	-0.3059
100	G	N	-0.2978	1.4111	-18.9882	-0.3198
100	G	P	-0.3128	1.4111	-2.8931	-0.4469
100	G	Q	-0.3007	1.4111	-18.9882	-0.3236
100	G	R	-0.3138	1.4111	-18.9882	-0.3407
100	G	S	-0.2431	1.4111	-18.9882	-0.2482
100	G	T	-0.3200	1.4111	-18.9882	-0.3489
100	G	V	-0.2511	1.4111	-4.7004	-0.3541
100	G	W	-0.3349	1.4111	-18.9882	-0.3683
100	G	Y	-0.3355	1.4111	-18.9882	-0.3691
101	H	A	-0.0927	1.2248	-4.2854	-0.1271
101	H	C	-0.1524	1.2248	-5.2853	-0.1985
101	H	D	-0.2129	1.2248	-18.5732	-0.1889
101	H	E	-0.2244	1.2248	-18.5732	-0.2040
101	H	F	-0.1873	1.2248	-18.5732	-0.1554
101	H	G	-0.1804	1.2248	-5.2853	-0.2352
101	H	I	-0.2519	1.2248	-18.5732	-0.2400
101	H	K	-0.2086	1.2248	-18.5732	-0.1833
101	H	L	-0.2154	1.2248	-18.5732	-0.1923
101	H	M	-0.1656	1.2248	-18.5732	-0.1270
101	H	N	-0.1724	1.2248	-18.5732	-0.1359
101	H	P	-0.3289	1.2248	-18.5732	-0.3408
101	H	Q	-0.1339	1.2248	-18.5732	-0.0855
101	H	R	-0.1210	1.2248	-2.7005	-0.1747
101	H	S	-0.1716	1.2248	-18.5732	-0.1349
101	H	T	-0.2164	1.2248	-18.5732	-0.1936
101	H	V	-0.2083	1.2248	-18.5732	-0.1829
101	H	W	-0.2035	1.2248	-18.5732	-0.1767
101	H	Y	-0.1375	1.2248	-18.5732	-0.0902
102	S	A	-0.0076	1.9160	-3.3220	-0.1054
102	S	C	-0.0662	1.9160	-4.9068	-0.1715
102	S	D	-0.1822	1.9160	-18.1947	-0.2346
102	S	E	-0.1554	1.9160	-18.1947	-0.1995
102	S	F	-0.1616	1.9160	-18.1947	-0.2076
102	S	G	-0.0040	1.9160	-0.8195	-0.1174
102	S	H	-0.1628	1.9160	-18.1947	-0.2092
102	S	I	-0.1647	1.9160	-18.1947	-0.2117
102	S	K	-0.1721	1.9160	-18.1947	-0.2214
102	S	L	-0.1610	1.9160	-18.1947	-0.2068
102	S	M	-0.1320	1.9160	-18.1947	-0.1689
102	S	N	-0.1058	1.9160	-18.1947	-0.1346
102	S	P	-0.2370	1.9160	-18.1947	-0.3063
102	S	Q	-0.1255	1.9160	-18.1947	-0.1603
102	S	R	-0.1096	1.9160	-4.9068	-0.2283
102	S	T	-0.0064	1.9160	-4.9068	-0.0932
102	S	V	-0.0712	1.9160	-4.9068	-0.1780
102	S	W	-0.1713	1.9160	-18.1947	-0.2203
102	S	Y	-0.1664	1.9160	-18.1947	-0.2139
103	F	A	-0.3551	0.7747	-17.7473	-0.3264
103	F	C	-0.3232	0.7747	-17.7473	-0.2847
103	F	D	-0.4781	0.7747	-17.7473	-0.4874
103	F	E	-0.4474	0.7747	-17.7473	-0.4473
103	F	G	-0.3904	0.7747	-17.7473	-0.3727
103	F	H	-0.3827	0.7747	-17.7473	-0.3625
103	F	I	-0.2990	0.7747	-17.7473	-0.2530
103	F	K	-0.4543	0.7747	-17.7473	-0.4563
103	F	L	-0.1815	0.7747	-2.1376	-0.2034
103	F	M	-0.2921	0.7747	-17.7473	-0.2440
103	F	N	-0.4077	0.7747	-17.7473	-0.3953
103	F	P	-0.4784	0.7747	-17.7473	-0.4879
103	F	Q	-0.4098	0.7747	-17.7473	-0.3980
103	F	R	-0.4557	0.7747	-17.7473	-0.4581
103	F	S	-0.3341	0.7747	-17.7473	-0.2989
103	F	T	-0.3804	0.7747	-17.7473	-0.3595
103	F	V	-0.2934	0.7747	-17.7473	-0.2456
103	F	W	-0.2786	0.7747	-17.7473	-0.2263
103	F	Y	-0.2469	0.7747	-17.7473	-0.1848
